dorado/sensitivity/data/d1_effective_area.ecsv
# %ECSV 0.9
# ---
# datatype:
# - {name: wavelength, unit: Angstrom, datatype: float64}
# - {name: effective_area, unit: cm2, datatype: float64}
# meta: !!omap
# - {comment: Dorado effective area}
# schema: astropy-2.0
wavelength effective_area
[from data line 568]
7180.0 0.0008051709211425202
7190.0 0.0008749872157411924
7200.0 0.0008776867852412648
7210.0 0.000880376053539807
7220.0 0.0008830367291292196
7230.0 0.0008856779757611263
7240.0 0.0008882996486726886
7250.0 0.0008909017190714156
7260.0 0.0008934841035957431
7270.0 0.0008960466640172946
7280.0 0.000898589321804578
7290.0 0.000901112058172235
7300.0 0.0009036146259963024
7310.0 0.000906106596366332
7320.0 0.0009085689267308717
7330.0 0.0009110108797722947
7340.0 0.0009134326239334445
7350.0 0.0009862826224277172
7360.0 0.0009888466159461266
7370.0 0.0009913885278834671
7380.0 0.0009939082994794145
7390.0 0.0009964058737781667
7400.0 0.0009988811334581502
7410.0 0.0010013326867037231
7420.0 0.0010037618822614162
7430.0 0.0010061688021136398
7440.0 0.0010805927254987125
7450.0 0.001010915323708338
7460.0 0.0010132549101354753
7470.0 0.0010155720635953826
7480.0 0.0010178667507023463
7490.0 0.0010201389412749483
7500.0 0.0010223886723804056
7510.0 0.0010246157882822407
7520.0 0.0011001647803318012
7530.0 0.0011025027933400965
7540.0 0.0011048167201290029
7550.0 0.001107106545007186
7560.0 0.0011093615684121187
7570.0 0.001111603130497574
7580.0 0.001113820698977068
7590.0 0.0011160141970822553
7600.0 0.0011927291968675082
7610.0 0.001195017115436133
7620.0 0.0011972794313499866
7630.0 0.0011995162252727606
7640.0 0.0012017275049516153
7650.0 0.0011286687725297593
7660.0 0.0011306941832378513
7670.0 0.0011326854696283902
7680.0 0.0012103075531764427
7690.0 0.0012123920669168768
7700.0 0.0012144513220624642
7710.0 0.0012164854222193916
7720.0 0.0012184943955565004
7730.0 0.0012204784284449287
7740.0 0.0012224265918765347
7750.0 0.0013008833846000498
7760.0 0.001302911967141299
7770.0 0.0013049143754951182
7780.0 0.0013837664017598568
7790.0 0.0013858311461367107
7800.0 0.0013878565128914524
7810.0 0.001389865654454461
7820.0 0.0013918473529311104
7830.0 0.0013938018473902082
7840.0 0.0014732696202778889
7850.0 0.001475263200392731
7860.0 0.0015549900401901522
7870.0 0.0014791895440901615
7880.0 0.0015590635692132265
7890.0 0.001561043074756158
7900.0 0.001563005981490023
7910.0 0.0016431864879279862
7920.0 0.001645186052649111
7930.0 0.0017255910315578655
7940.0 0.0017276084466521632
7950.0 0.0018082264224607632
7960.0 0.0017315756550229189
7970.0 0.0018123082200216403
7980.0 0.0018142862509251281
7990.0 0.0018952130157084573
8000.0 0.0018181731085045302
8010.0 0.0018991861620213737
8020.0 0.001980342735805572
8030.0 0.0019030388949709918
8040.0 0.001984287284977749
8050.0 0.0020656416014933304
8060.0 0.0020676043386172955
8070.0 0.0020695321120450362
8080.0 0.002151079748964562
8090.0 0.0021530094321520594
8100.0 0.00223471485994974
8110.0 0.0023165060842246865
8120.0 0.002238517410927677
8130.0 0.002320385162904084
8140.0 0.0024023466154198306
8150.0 0.002484381751801177
8160.0 0.002486315727141774
8170.0 0.002488210482022094
8180.0 0.0025703743651451275
8190.0 0.002491867636846299
8200.0 0.0025740701793666616
8210.0 0.0025758663381235114
8220.0 0.0025776237169858112
8230.0 0.002579325916864761
8240.0 0.002661662600291337
8250.0 0.002663355638221284
8260.0 0.0026649933793915664
8270.0 0.0026666089684195264
8280.0 0.0027490397647367323
8290.0 0.002831509022660885
8300.0 0.0027521549464992927
8310.0 0.002834635993973534
8320.0 0.002836148248823608
8330.0 0.0029186961478376116
8340.0 0.0030012701513568753
8350.0 0.0029215902049074534
8360.0 0.0030041635791841995
8370.0 0.003005558371328787
8380.0 0.0030881810229019934
8390.0 0.0030895153450682974
8400.0 0.0031721637237662943
8410.0 0.0031734506344822076
8420.0 0.0031747137705158716
8430.0 0.0032573709128149303
8440.0 0.003258567725466527
8450.0 0.0033412339627846123
8460.0 0.0033423785419200045
8470.0 0.003425047751837408
8480.0 0.0034261374445348886
8490.0 0.003508802856918572
8500.0 0.0035098522030243004
8510.0 0.003510843507438448
8520.0 0.003511810904554268
8530.0 0.0035127215197366924
8540.0 0.003595320220237176
8550.0 0.0035961711444958662
8560.0 0.0036787479116739906
8570.0 0.003679536521979238
8580.0 0.0037620855959084884
8590.0 0.003844610768945082
8600.0 0.003845326602204358
8610.0 0.0038459854748880626
8620.0 0.003928463152637556
8630.0 0.003929070016363559
8640.0 0.003929621126137978
8650.0 0.004012025824810002
8660.0 0.004012507733787713
8670.0 0.004012964617747269
8680.0 0.004095272765811404
8690.0 0.004177572073277227
8700.0 0.004177910553093238
8710.0 0.004178224265761779
8720.0 0.004178483906536177
8730.0 0.004342590365004163
8740.0 0.004342779873185971
8750.0 0.004342944441134347
8760.0 0.004343055534788854
8770.0 0.0044250883094599895
8780.0 0.004425123269050433
8790.0 0.004425120508853209
8800.0 0.004507038766034394
8810.0 0.004506957696415071
8820.0 0.004506851874661931
8830.0 0.004588635604469605
8840.0 0.004588451955000125
8850.0 0.00467015095035783
8860.0 0.00475181611814352
8870.0 0.004669576621504494
8880.0 0.004669240244960591
8890.0 0.004668856127433821
8900.0 0.004668447868425565
8910.0 0.004586098740920465
8920.0 0.00458561807873797
8930.0 0.0045851143016011195
8940.0 0.004502699592064156
8950.0 0.004583996895795652
8960.0 0.004501538014729388
8970.0 0.004500914409983117
8980.0 0.004500250811076474
8990.0 0.0044995563288240505
9000.0 0.0044170432554890265
9010.0 0.004498086414333139
9020.0 0.0044155417151075516
9030.0 0.004332989481118955
9040.0 0.004413925508677771
9050.0 0.004331348480989602
9060.0 0.004330484158842686
9070.0 0.004329600032190537
9080.0 0.004328683261778451
9090.0 0.004246090847898118
9100.0 0.004245141317078799
9110.0 0.004244167316927669
9120.0 0.004161574718965
9130.0 0.004160572285222869
9140.0 0.004159551679294099
9150.0 0.004076964431171125
9160.0 0.004075914855798654
9170.0 0.004074847765295272
9180.0 0.003992280091061522
9190.0 0.003909739580430348
9200.0 0.0038272207516572097
9210.0 0.003826135522145123
9220.0 0.003825034382018318
9230.0 0.0037425519627247356
9240.0 0.0037414377096783827
9250.0 0.003740303672221064
9260.0 0.0036578665424266085
9270.0 0.0035754646377202334
9280.0 0.0035743309060263617
9290.0 0.003491973243123133
9300.0 0.0034908357029648225
9310.0 0.0034896826236693493
9320.0 0.003407386217180709
9330.0 0.00340623179254991
9340.0 0.0033239903713582577
9350.0 0.003241791214089064
9360.0 0.0032406524466461807
9370.0 0.0031585136168592546
9380.0 0.0031573784911043236
9390.0 0.003156231967652909
9400.0 0.003074174723375491
9410.0 0.002992164933631597
9420.0 0.0029102059683793475
9430.0 0.0028282975312841946
9440.0 0.0028272172587684528
9450.0 0.0028261286083755667
9460.0 0.002744315533864688
9470.0 0.002662554960143082
9480.0 0.0025808510913446687
9490.0 0.0024992031367572468
9500.0 0.002417610184838283
9510.0 0.0024971856144578885
9520.0 0.0024156453251198205
9530.0 0.0023341616732324806
9540.0 0.0022527401663503003
9550.0 0.0021713792014005097
9560.0 0.002170465078384675
9570.0 0.0021695473271465355
9580.0 0.0020883046243262934
9590.0 0.0020071227765634243
9600.0 0.0019260073244565159
9610.0 0.0019251722398160905
9620.0 0.001844149526381644
9630.0 0.0018433403127030472
9640.0 0.0018425269945205164
9650.0 0.0017616325742716246
9660.0 0.0016808082918436176
9670.0 0.0016000520922080162
9680.0 0.0015993309329797544
9690.0 0.001518673707363184
9700.0 0.001438088545766243
9710.0 0.0015172883119063695
9720.0 0.001436767976668592
9730.0 0.0014361048358641467
9740.0 0.0013556925390940664
9750.0 0.0013550587954627828
9760.0 0.0012747532437089207
9770.0 0.001274154949181598
9780.0 0.0011939574130969512
9790.0 0.0011933900466580241
9800.0 0.001113301960786233
9810.0 0.0011127716096428594
9820.0 0.0010327914862271715
9830.0 0.0010322961155296594
9840.0 0.000952430089747362
9850.0 0.0009519702732039669
9860.0 0.0008722145167839023
9870.0 0.0008717907427260406
9880.0 0.0007921508073849069
9890.0 0.0007917637454572665
9900.0 0.0007913736007429522
9910.0 0.0007118862141894507
9920.0 0.000711535534034916
9930.0 0.0006321618140234871
9940.0 0.0006318487798580507
9950.0 0.0005525933066423125
9960.0 0.0005523183558821659
9970.0 0.00047317828164547234
9980.0 0.00047294186638075365
9990.0 0.0004727050202436503
10000.0 0.0003937232197007304
