dorado/sensitivity/data/d1_effective_area.ecsv
# %ECSV 0.9
# ---
# datatype:
# - {name: wavelength, unit: Angstrom, datatype: float64}
# - {name: effective_area, unit: cm2, datatype: float64}
# meta: !!omap
# - {comment: Dorado D1 filter effective area}
# schema: astropy-2.0
wavelength effective_area
[from data line 564]
7140.0 0.0005698771573427289
7150.0 0.000572289082759745
7160.0 0.0005746756613460885
7170.0 0.0005770448841763009
7180.0 0.0005793966733554051
7190.0 0.0006302083735329057
7200.0 0.0006327176512625296
7210.0 0.0006352160946791348
7220.0 0.0006376859673530616
7230.0 0.0006401359891896539
7240.0 0.0006425659883249198
7250.0 0.0006449759603801179
7260.0 0.000647365686241195
7270.0 0.0006497349492540489
7280.0 0.0006520837570125076
7290.0 0.0006544119007977213
7300.0 0.0006567192284788792
7310.0 0.0006590148876690092
7320.0 0.0006612802868339874
7330.0 0.0006635246057699042
7340.0 0.0006657477660358863
7350.0 0.0007193301923011543
7360.0 0.000721678243484573
7370.0 0.0007240031507279869
7380.0 0.0007263047835874341
7390.0 0.0007285830743423615
7400.0 0.0007308379001754312
7410.0 0.0007330682760919149
7420.0 0.000735275069575682
7430.0 0.0007374582309424886
7440.0 0.0007924474839319568
7450.0 0.0007417533539347842
7460.0 0.0007438651731192212
7470.0 0.000745953140324071
7480.0 0.0007480172247704101
7490.0 0.0007500573388967593
7500.0 0.0007520735244494957
7510.0 0.000754065636794231
7520.0 0.0008100362035963698
7530.0 0.000812119122547195
7540.0 0.000814176217837605
7550.0 0.0008162076264011067
7560.0 0.0008182027049375031
7570.0 0.0008201823830181781
7580.0 0.000822136326419947
7590.0 0.0008240644796679432
7600.0 0.0008810313209030348
7610.0 0.0008830326945614382
7620.0 0.000885006632774388
7630.0 0.0008869531680547129
7640.0 0.000888872263328569
7650.0 0.0008350912833970478
7660.0 0.000836839176720519
7670.0 0.0008385512939324131
7680.0 0.0008962646375130865
7690.0 0.0008980473716995558
7700.0 0.0008998029017104365
7710.0 0.0009015314461038398
7720.0 0.0009032329219816386
7730.0 0.0009049074803637433
7740.0 0.0009065445114167718
7750.0 0.0009649257943227718
7760.0 0.0009666196237674551
7770.0 0.000968285208091123
7780.0 0.001026976745984685
7790.0 0.0010286806362916666
7800.0 0.0010303431589323872
7810.0 0.0010319870340327875
7820.0 0.0010336013880202083
7830.0 0.0010351865201102808
7840.0 0.00109433918220665
7850.0 0.001095938754131808
7860.0 0.0011552840591372586
7870.0 0.001099070494179668
7880.0 0.0011585168456350104
7890.0 0.001160072871392367
7900.0 0.0011616100669669257
7910.0 0.0012212715444454496
7920.0 0.0012228197225287168
7930.0 0.0012826369721359047
7940.0 0.0012841770627223313
7950.0 0.0013441377325951612
7960.0 0.0012871829862156946
7970.0 0.0013472101361585139
7980.0 0.0013486803146617178
7990.0 0.0014088309448909654
8000.0 0.0013515447196293902
8010.0 0.0014117340442329374
8020.0 0.0014720199141488445
8030.0 0.0014145091762785941
8040.0 0.0014748376272504802
8050.0 0.0015352247771565145
8060.0 0.0015365961204049186
8070.0 0.0015379302888370368
8080.0 0.0015984133774887513
8090.0 0.0015997225617090114
8100.0 0.001660290149266051
8110.0 0.0017208955219046242
8120.0 0.001662795466895955
8130.0 0.0017234267985353213
8140.0 0.0017841031744693114
8150.0 0.001844804685592486
8160.0 0.0018460111238319614
8170.0 0.0018471763266853555
8180.0 0.0019079068589941855
8190.0 0.0018493689825855707
8200.0 0.0019100872879443819
8210.0 0.0019111229186348237
8220.0 0.0019121178813796445
8230.0 0.0019130562925506283
8240.0 0.0019737826141224637
8250.0 0.001974684969693385
8260.0 0.001975530481832645
8270.0 0.001976352259350131
8280.0 0.002037047075750265
8290.0 0.0020977311010473764
8300.0 0.0020385203736379568
8310.0 0.002099165407980503
8320.0 0.002099829649147898
8330.0 0.0021604665697758513
8340.0 0.0022210800435105895
8350.0 0.0021616111256668236
8360.0 0.002222173663686529
8370.0 0.002222666905530032
8380.0 0.0022832041586121573
8390.0 0.0022836115467111434
8400.0 0.002344099745505688
8410.0 0.0023444351262351913
8420.0 0.0023447457187959556
8430.0 0.0024051445047571915
8440.0 0.00240536411759122
8450.0 0.0024656980539019655
8460.0 0.002465840391494345
8470.0 0.0025261038073936945
8480.0 0.002526166714127765
8490.0 0.0025863529354380227
8500.0 0.0025863509704156526
8510.0 0.0025862917330887695
8520.0 0.0025862081368936835
8530.0 0.0025860687989694062
8540.0 0.002646042880217268
8550.0 0.002645820363430418
8560.0 0.0027057007331697026
8570.0 0.002705393031995246
8580.0 0.002765173943506752
8590.0 0.0028248835457951437
8600.0 0.002824456482133719
8610.0 0.002823973834163776
8620.0 0.00288354127903563
8630.0 0.002882984450440998
8640.0 0.002882373351141995
8650.0 0.0029417750695265765
8660.0 0.002941073482220161
8670.0 0.0029403485333668123
8680.0 0.0029995625188431567
8690.0 0.003058720770510275
8700.0 0.003057834930317914
8710.0 0.003056925647053649
8720.0 0.00305596513756451
8730.0 0.0031747849596269373
8740.0 0.0031737109233013526
8750.0 0.0031726139757301194
8760.0 0.0031714666250293342
8770.0 0.0032301136106968093
8780.0 0.0032288716944648952
8790.0 0.003227594332782618
8800.0 0.003286040801700934
8810.0 0.0032846685247514412
8820.0 0.003283274092703755
8830.0 0.003341502340693688
8840.0 0.0033400127749745154
8850.0 0.003398093083979199
8860.0 0.003456096223808979
8870.0 0.00339487798093741
8880.0 0.0033932265897290473
8890.0 0.003391531363821316
8900.0 0.0033898152035874924
8910.0 0.003328617148000148
8920.0 0.0033268595216116846
8930.0 0.0033250820084276297
8940.0 0.003263921028437303
8950.0 0.003321429119109594
8960.0 0.0032602774715811923
8970.0 0.0032584185097401784
8980.0 0.0032565237513886157
8990.0 0.003254602575658773
9000.0 0.0031935244510929934
9010.0 0.0032506912816272176
9020.0 0.003189633947882079
9030.0 0.0031286178912600824
9040.0 0.0031856460254279123
9050.0 0.003124657330301326
9060.0 0.003122639822443353
9070.0 0.003120606406506299
9080.0 0.003118545031470934
9090.0 0.0030576668025401226
9100.0 0.0030556029923154236
9110.0 0.0030535190950489216
9120.0 0.002992739131466554
9130.0 0.0029906570309789927
9140.0 0.0029885608858627403
9150.0 0.00292788448406984
9160.0 0.002925789426679827
9170.0 0.0029236811973139816
9180.0 0.0028631211525783585
9190.0 0.002802633924365421
9200.0 0.0027422140749497185
9210.0 0.002740167639358477
9220.0 0.002738109211839665
9230.0 0.0026778204913476575
9240.0 0.0026757781887508324
9250.0 0.0026737201832708066
9260.0 0.002613570101648986
9270.0 0.0025534996156612016
9280.0 0.002551494829732885
9290.0 0.002491536103429425
9300.0 0.0024895555673730366
9310.0 0.002487563470993623
9320.0 0.0024277569438119536
9330.0 0.0024257911283755945
9340.0 0.0023661054388560824
9350.0 0.0023065047383947304
9360.0 0.0023046048534098714
9370.0 0.002245129277763065
9380.0 0.002243259833185611
9390.0 0.0022413831222562386
9400.0 0.0021820755572673142
9410.0 0.002122856348044125
9420.0 0.0020637286231135633
9430.0 0.002004691851322292
9440.0 0.002002973262877342
9450.0 0.002001249950769532
9460.0 0.001942391749069016
9470.0 0.0018836253836178737
9480.0 0.0018249547367868307
9490.0 0.001766378807788057
9500.0 0.0017078964846361645
9510.0 0.001763271313397065
9520.0 0.0017048828891909932
9530.0 0.0016465887329079403
9540.0 0.0015883943357673771
9550.0 0.0015302976442038425
9560.0 0.0015289238710139402
9570.0 0.0015275492987908308
9580.0 0.0014696468651717103
9590.0 0.0014118415783830726
9600.0 0.0013541384922775926
9610.0 0.0013529072439388535
9620.0 0.0012953515793027069
9630.0 0.0012941673908343446
9640.0 0.0012929813641217307
9650.0 0.0012356260706424531
9660.0 0.0011783751186339227
9670.0 0.0011212262158562095
9680.0 0.0011201891222534987
9690.0 0.0010631908741275079
9700.0 0.0010062977661924525
9710.0 0.0010612146668517082
9720.0 0.001004421244450864
9730.0 0.0010034828828600737
9740.0 0.0009468467701433009
9750.0 0.0009459566436794242
9760.0 0.0008894760717234798
9770.0 0.0008886394589078964
9780.0 0.0008323147266173579
9790.0 0.0008315272070119354
9800.0 0.0007753589925091714
9810.0 0.0007746255195351781
9820.0 0.0007186115476402715
9830.0 0.0007179300851070312
9840.0 0.0006620754773969318
9850.0 0.0006614462558269601
9860.0 0.0006057467981742307
9870.0 0.0006051699054867837
9880.0 0.0005496300571647079
9890.0 0.0005491057007821033
9900.0 0.0005485794475409178
9910.0 0.0004932497107334189
9920.0 0.0004927781290078315
9930.0 0.00043760419731516255
9940.0 0.0004371852420101149
9950.0 0.00038217066533767854
9960.0 0.00038180440874123494
9970.0 0.00032694583193605486
9980.0 0.00032663226460749644
9990.0 0.0003263188388406632
10000.0 0.00027167138760776817
