dorado/sensitivity/data/D1_effective_area.ecsv
# %ECSV 1.0
# ---
# datatype:
# - {name: wavelength, unit: Angstrom, datatype: float64}
# - {name: effective_area, unit: cm2, datatype: float64}
# meta: !!omap
# - __serialized_columns__:
#     effective_area:
#       __class__: astropy.units.quantity.Quantity
#       unit: !astropy.units.Unit {unit: cm2}
#       value: !astropy.table.SerializedColumn {name: effective_area}
#     wavelength:
#       __class__: astropy.units.quantity.Quantity
#       unit: !astropy.units.Unit {unit: Angstrom}
#       value: !astropy.table.SerializedColumn {name: wavelength}
# schema: astropy-2.0
wavelength effective_area
[from data line 629]
7289.999999999999 0.0013
7299.999999999999 0.0013
7309.999999999999 0.0013
7319.999999999999 0.0013
7329.999999999999 0.0013
7339.999999999999 0.0013
7349.999999999999 0.0014
7359.999999999999 0.0014
7369.999999999999 0.0014
7379.999999999999 0.0014
7389.999999999999 0.0014
7399.999999999999 0.0014
7409.999999999999 0.0014
7419.999999999999 0.0014
7429.999999999999 0.0014
7439.999999999999 0.0015
7449.999999999999 0.0014
7459.999999999999 0.0014
7469.999999999999 0.0014
7479.999999999999 0.0014
7489.999999999999 0.0014
7499.999999999999 0.0014
7509.999999999999 0.0014
7519.999999999999 0.0015
7529.999999999999 0.0015
7539.999999999999 0.0015
7549.999999999999 0.0015
7559.999999999999 0.0015
7569.999999999999 0.0015
7579.999999999999 0.0015
7589.999999999999 0.0015
7599.999999999999 0.0016
7609.999999999999 0.0016
7619.999999999999 0.0016
7629.999999999999 0.0016
7639.999999999999 0.0016
7649.999999999999 0.0015
7659.999999999999 0.0015
7669.999999999999 0.0015
7679.999999999998 0.0016
7689.999999999998 0.0016
7699.999999999998 0.0016
7709.999999999998 0.0016
7719.999999999998 0.0016
7729.999999999998 0.0016
7739.999999999998 0.0016
7749.999999999998 0.0017
7759.999999999998 0.0017
7769.999999999998 0.0017
7779.999999999998 0.0018
7789.999999999998 0.0018
7799.999999999998 0.0018
7809.999999999998 0.0018
7819.999999999998 0.0018
7829.999999999998 0.0018
7839.999999999998 0.0019
7849.999999999998 0.0019
7859.999999999998 0.002
7869.999999999998 0.0019
7879.999999999998 0.002
7889.999999999998 0.002
7899.999999999998 0.002
7909.999999999998 0.0021
7919.999999999998 0.0021
7929.999999999998 0.0022
7939.999999999998 0.0022
7949.999999999998 0.0023
7959.999999999998 0.0022
7969.999999999998 0.0023
7979.999999999998 0.0023
7989.999999999998 0.0024
7999.999999999998 0.0023
8009.999999999998 0.0024
8019.999999999998 0.0025
8029.999999999998 0.0024
8039.999999999998 0.0025
8049.999999999998 0.0026
8059.999999999998 0.0026
8069.999999999998 0.0026
8079.999999999998 0.0027
8089.999999999998 0.0027
8099.999999999998 0.0028
8109.999999999998 0.0029
8119.999999999998 0.0028
8129.999999999998 0.0029
8139.999999999998 0.003
8149.999999999998 0.0031
8159.999999999998 0.0031
8169.999999999998 0.0031
8179.999999999998 0.0032
8189.999999999998 0.0031
8199.999999999998 0.0032
8209.999999999998 0.0032
8219.999999999998 0.0032
8229.999999999998 0.0032
8239.999999999998 0.0033
8249.999999999998 0.0033
8259.999999999998 0.0033
8269.999999999998 0.0033
8279.999999999998 0.0034
8289.999999999998 0.0035
8299.999999999998 0.0034
8309.999999999998 0.0035
8319.999999999998 0.0035
8329.999999999998 0.0036
8339.999999999998 0.0037
8349.999999999998 0.0036
8359.999999999998 0.0037
8369.999999999998 0.0037
8379.999999999998 0.0038
8389.999999999998 0.0038
8399.999999999998 0.0039
8409.999999999998 0.0039
8419.999999999998 0.0039
8429.999999999998 0.004
8439.999999999998 0.004
8449.999999999998 0.0041
8459.999999999998 0.0041
8469.999999999998 0.0042
8479.999999999998 0.0042
8489.999999999998 0.0043
8499.999999999998 0.0043
8509.999999999998 0.0043
8519.999999999998 0.0043
8529.999999999998 0.0043
8539.999999999998 0.0044
8549.999999999998 0.0044
8559.999999999998 0.0045
8569.999999999998 0.0045
8579.999999999998 0.0046
8589.999999999998 0.0047
8599.999999999998 0.0047
8609.999999999998 0.0047
8619.999999999998 0.0048
8629.999999999998 0.0048
8639.999999999998 0.0048
8649.999999999998 0.0049
8659.999999999998 0.0049
8669.999999999998 0.0049
8679.999999999998 0.005
8689.999999999998 0.0051
8699.999999999998 0.0051
8709.999999999998 0.0051
8719.999999999998 0.0051
8729.999999999998 0.0053
8739.999999999998 0.0053
8749.999999999998 0.0053
8759.999999999998 0.0053
8769.999999999998 0.0054
8779.999999999998 0.0054
8789.999999999998 0.0054
8799.999999999998 0.0055
8809.999999999998 0.0055
8819.999999999998 0.0055
8829.999999999998 0.0056
8839.999999999998 0.0056
8849.999999999998 0.0057
8859.999999999998 0.0058
8869.999999999998 0.0057
8879.999999999998 0.0057
8889.999999999998 0.0057
8899.999999999998 0.0057
8909.999999999998 0.0056
8919.999999999998 0.0056
8929.999999999998 0.0056
8939.999999999998 0.0055
8949.999999999998 0.0056
8959.999999999998 0.0055
8969.999999999998 0.0055
8979.999999999998 0.0055
8989.999999999998 0.0055
8999.999999999998 0.0054
9009.999999999998 0.0055
9019.999999999998 0.0054
9029.999999999998 0.0053
9039.999999999998 0.0054
9049.999999999998 0.0053
9059.999999999998 0.0053
9069.999999999998 0.0053
9079.999999999998 0.0053
9089.999999999998 0.0052
9099.999999999998 0.0052
9109.999999999998 0.0052
9119.999999999998 0.0051
9129.999999999998 0.0051
9139.999999999998 0.0051
9149.999999999998 0.005
9159.999999999998 0.005
9169.999999999998 0.005
9179.999999999998 0.0049
9189.999999999998 0.0048
9199.999999999998 0.0047
9209.999999999998 0.0047
9219.999999999998 0.0047
9229.999999999998 0.0046
9239.999999999998 0.0046
9249.999999999998 0.0046
9259.999999999998 0.0045
9269.999999999998 0.0044
9279.999999999998 0.0044
9289.999999999998 0.0043
9299.999999999998 0.0043
9309.999999999998 0.0043
9319.999999999998 0.0042
9329.999999999998 0.0042
9339.999999999998 0.0041
9349.999999999998 0.004
9359.999999999998 0.004
9369.999999999998 0.0039
9379.999999999998 0.0039
9389.999999999998 0.0039
9399.999999999998 0.0038
9409.999999999998 0.0037
9419.999999999998 0.0036
9429.999999999998 0.0035
9439.999999999998 0.0035
9449.999999999998 0.0035
9459.999999999998 0.0034
9469.999999999998 0.0033
9479.999999999998 0.0032
9489.999999999998 0.0031
9499.999999999998 0.003
9509.999999999998 0.0031
9519.999999999998 0.003
9529.999999999998 0.0029
9539.999999999998 0.0028
9549.999999999998 0.0027
9559.999999999998 0.0027
9569.999999999998 0.0027
9579.999999999998 0.0026
9589.999999999998 0.0025
9599.999999999998 0.0024
9609.999999999998 0.0024
9619.999999999998 0.0023
9629.999999999998 0.0023
9639.999999999998 0.0023
9649.999999999998 0.0022
9659.999999999998 0.0021
9669.999999999998 0.002
9679.999999999998 0.002
9689.999999999998 0.0019
9699.999999999998 0.0018
9709.999999999998 0.0019
9719.999999999998 0.0018
9729.999999999998 0.0018
9739.999999999998 0.0017
9749.999999999998 0.0017
9759.999999999998 0.0016
9769.999999999998 0.0016
9779.999999999998 0.0015
9789.999999999998 0.0015
9799.999999999998 0.0014
9809.999999999998 0.0014
9819.999999999998 0.0013
9829.999999999998 0.0013
9839.999999999998 0.0012
9849.999999999998 0.0012
9859.999999999998 0.0011
9869.999999999998 0.0011
9879.999999999998 0.001
9889.999999999998 0.001
9899.999999999998 0.001
9909.999999999998 0.0009
9919.999999999998 0.0009
9929.999999999998 0.0008
9939.999999999998 0.0008
9949.999999999998 0.0007
9959.999999999998 0.0007
9969.999999999998 0.0006
9979.999999999998 0.0006
9989.999999999998 0.0006
9999.999999999998 0.0005
