dorado/sensitivity/data/D1_effective_area.ecsv
# %ECSV 1.0
# ---
# datatype:
# - {name: wavelength, unit: Angstrom, datatype: float64}
# - {name: effective_area, unit: cm2, datatype: float64}
# meta: !!omap
# - __serialized_columns__:
#     effective_area:
#       __class__: astropy.units.quantity.Quantity
#       unit: !astropy.units.Unit {unit: cm2}
#       value: !astropy.table.SerializedColumn {name: effective_area}
#     wavelength:
#       __class__: astropy.units.quantity.Quantity
#       unit: !astropy.units.Unit {unit: Angstrom}
#       value: !astropy.table.SerializedColumn {name: wavelength}
# schema: astropy-2.0
wavelength effective_area
999.9999999999998 0.0007
1009.9999999999998 0.0008
1019.9999999999998 0.0008
1029.9999999999998 0.0009
1039.9999999999998 0.0009
1049.9999999999998 0.0009
1059.9999999999998 0.001
1069.9999999999998 0.001
1079.9999999999998 0.0011
1089.9999999999998 0.0011
1099.9999999999998 0.0011
1109.9999999999998 0.0011
1119.9999999999998 0.0011
1129.9999999999998 0.0011
1139.9999999999998 0.0012
1149.9999999999998 0.0012
1159.9999999999998 0.0012
1169.9999999999998 0.0012
1179.9999999999998 0.0012
1189.9999999999998 0.0012
1199.9999999999998 0.0012
1209.9999999999998 0.0012
1219.9999999999998 0.0012
1229.9999999999998 0.0012
1239.9999999999998 0.0012
1249.9999999999998 0.0012
1259.9999999999998 0.0012
1269.9999999999998 0.0012
1279.9999999999998 0.0012
1289.9999999999998 0.0012
1299.9999999999998 0.0012
1309.9999999999998 0.0012
1319.9999999999998 0.0012
1329.9999999999998 0.0012
1339.9999999999998 0.0013
1349.9999999999998 0.0013
1359.9999999999998 0.0013
1369.9999999999998 0.0013
1379.9999999999998 0.0013
1389.9999999999998 0.0014
1399.9999999999998 0.0014
1409.9999999999998 0.0016
1419.9999999999998 0.0017
1429.9999999999998 0.0019
1439.9999999999998 0.0021
1449.9999999999998 0.0023
1459.9999999999998 0.0026
1469.9999999999998 0.0029
1479.9999999999998 0.0033
1489.9999999999998 0.0038
1499.9999999999998 0.0043
1509.9999999999998 0.005
1519.9999999999998 0.0058
1529.9999999999998 0.0067
1539.9999999999998 0.0079
1549.9999999999998 0.0092
1559.9999999999998 0.0109
1569.9999999999998 0.013
1579.9999999999998 0.0154
1589.9999999999998 0.0185
1599.9999999999998 0.0222
1609.9999999999998 0.0268
1619.9999999999998 0.0326
1629.9999999999998 0.0399
1639.9999999999998 0.049
1649.9999999999998 0.0606
1659.9999999999998 0.0755
1669.9999999999998 0.0947
1679.9999999999998 0.1196
1689.9999999999998 0.1523
1699.9999999999998 0.1954
1709.9999999999998 0.2525
1719.9999999999998 0.3298
1729.9999999999998 0.4337
1739.9999999999998 0.5746
1749.9999999999998 0.7668
1759.9999999999998 1.0317
1769.9999999999998 1.4006
1779.9999999999998 1.9143
1789.9999999999998 2.6255
1799.9999999999998 3.6156
1809.9999999999998 4.9841
1819.9999999999998 6.8334
1829.9999999999998 9.2753
1839.9999999999998 12.3812
1849.9999999999998 16.1231
1859.9999999999998 20.2848
1869.9999999999998 24.5648
1879.9999999999998 28.6254
1889.9999999999998 32.1733
1899.9999999999998 34.9888
1909.9999999999998 37.2041
1919.9999999999995 38.8957
1929.9999999999995 40.0848
1939.9999999999995 40.9246
1949.9999999999995 41.4548
1959.9999999999995 41.6323
1969.9999999999995 41.5003
1979.9999999999995 41.0413
1989.9999999999995 40.2434
1999.9999999999995 39.1664
2009.9999999999995 37.8352
2019.9999999999995 36.3215
2029.9999999999995 34.7014
2039.9999999999995 33.0183
2049.9999999999995 31.3521
2059.9999999999995 29.7461
2069.9999999999995 28.2494
2079.9999999999995 26.883
2089.9999999999995 25.6371
2099.9999999999995 24.5543
2109.9999999999995 23.6084
2119.9999999999995 22.8109
2129.9999999999995 22.133
2139.9999999999995 21.5735
2149.9999999999995 21.1207
2159.9999999999995 20.7623
2169.9999999999995 20.4399
2179.9999999999995 20.1392
2189.9999999999995 19.8488
2199.9999999999995 19.5109
2209.9999999999995 19.0624
2219.9999999999995 18.4833
2229.9999999999995 17.7176
2239.9999999999995 16.7596
2249.9999999999995 15.5991
2259.9999999999995 14.2757
2269.9999999999995 12.8541
2279.9999999999995 11.4264
2289.9999999999995 10.0766
2299.9999999999995 8.8096
2309.9999999999995 7.6581
2319.9999999999995 6.6372
2329.9999999999995 5.7421
2339.9999999999995 4.9596
2349.9999999999995 4.2805
2359.9999999999995 3.6871
2369.9999999999995 3.1758
2379.9999999999995 2.7327
2389.9999999999995 2.3519
2399.9999999999995 2.0248
2409.9999999999995 1.7478
2419.9999999999995 1.5101
2429.9999999999995 1.306
2439.9999999999995 1.1337
2449.9999999999995 0.9839
2459.9999999999995 0.8576
2469.9999999999995 0.7493
2479.9999999999995 0.6558
2489.9999999999995 0.5754
2499.9999999999995 0.5061
2509.9999999999995 0.4457
2519.9999999999995 0.3937
2529.9999999999995 0.3486
2539.9999999999995 0.3105
2549.9999999999995 0.2761
2559.9999999999995 0.2466
2569.9999999999995 0.2205
2579.9999999999995 0.1977
2589.9999999999995 0.1777
2599.9999999999995 0.16
2609.9999999999995 0.1442
2619.9999999999995 0.1303
2629.9999999999995 0.118
2639.9999999999995 0.107
2649.9999999999995 0.0972
2659.9999999999995 0.0886
2669.9999999999995 0.0809
2679.9999999999995 0.0742
2689.9999999999995 0.0681
2699.9999999999995 0.0628
2709.9999999999995 0.0581
2719.9999999999995 0.054
2729.9999999999995 0.0504
2739.9999999999995 0.0473
2749.9999999999995 0.0444
2759.9999999999995 0.0419
2769.9999999999995 0.0396
2779.9999999999995 0.0376
2789.9999999999995 0.0357
2799.9999999999995 0.0339
2809.9999999999995 0.0323
2819.9999999999995 0.0308
2829.9999999999995 0.0294
2839.9999999999995 0.0281
2849.9999999999995 0.027
2859.9999999999995 0.0259
2869.9999999999995 0.025
2879.9999999999995 0.0242
2889.9999999999995 0.0236
2899.9999999999995 0.0231
2909.9999999999995 0.0226
2919.9999999999995 0.0222
2929.9999999999995 0.0218
2939.9999999999995 0.0214
2949.9999999999995 0.021
2959.9999999999995 0.0205
2969.9999999999995 0.0201
2979.9999999999995 0.0196
2989.9999999999995 0.0192
2999.9999999999995 0.0187
3009.9999999999995 0.0182
3019.9999999999995 0.0178
3029.9999999999995 0.0173
3039.9999999999995 0.0168
3049.9999999999995 0.0164
3059.9999999999995 0.016
3069.9999999999995 0.0155
3079.9999999999995 0.0151
3089.9999999999995 0.0147
3099.9999999999995 0.0143
3109.9999999999995 0.0139
3119.9999999999995 0.0135
3129.9999999999995 0.0132
3139.9999999999995 0.0128
3149.9999999999995 0.0125
3159.9999999999995 0.0121
3169.9999999999995 0.0118
3179.9999999999995 0.0115
3189.9999999999995 0.0112
3199.9999999999995 0.0109
3209.9999999999995 0.0106
3219.9999999999995 0.0103
3229.9999999999995 0.01
3239.9999999999995 0.0098
3249.9999999999995 0.0095
3259.9999999999995 0.0093
3269.9999999999995 0.0091
3279.9999999999995 0.0088
3289.9999999999995 0.0086
3299.9999999999995 0.0084
3309.9999999999995 0.0082
3319.9999999999995 0.008
3329.9999999999995 0.0078
3339.9999999999995 0.0076
3349.9999999999995 0.0074
3359.9999999999995 0.0073
3369.9999999999995 0.0071
3379.9999999999995 0.0069
3389.9999999999995 0.0068
3399.9999999999995 0.0066
3409.9999999999995 0.0064
3419.9999999999995 0.0063
3429.9999999999995 0.0061
3439.9999999999995 0.006
3449.9999999999995 0.0059
3459.9999999999995 0.0057
3469.9999999999995 0.0056
3479.9999999999995 0.0055
3489.9999999999995 0.0053
3499.9999999999995 0.0052
3509.9999999999995 0.0051
3519.9999999999995 0.005
3529.9999999999995 0.0049
3539.9999999999995 0.0047
3549.9999999999995 0.0046
3559.9999999999995 0.0045
3569.9999999999995 0.0044
3579.9999999999995 0.0043
3589.9999999999995 0.0042
3599.9999999999995 0.0041
3609.9999999999995 0.004
3619.9999999999995 0.0039
3629.9999999999995 0.0039
3639.9999999999995 0.0038
3649.9999999999995 0.0037
3659.9999999999995 0.0037
3669.9999999999995 0.0036
3679.9999999999995 0.0036
3689.9999999999995 0.0036
3699.9999999999995 0.0035
3709.9999999999995 0.0035
3719.9999999999995 0.0035
3729.9999999999995 0.0035
3739.9999999999995 0.0035
3749.9999999999995 0.0035
3759.9999999999995 0.0034
3769.9999999999995 0.0034
3779.9999999999995 0.0034
3789.9999999999995 0.0034
3799.9999999999995 0.0034
3809.9999999999995 0.0034
3819.9999999999995 0.0034
3829.9999999999995 0.0034
3839.999999999999 0.0033
3849.999999999999 0.0033
3859.999999999999 0.0033
3869.999999999999 0.0033
3879.999999999999 0.0033
3889.999999999999 0.0032
3899.999999999999 0.0032
3909.999999999999 0.0032
3919.999999999999 0.0032
3929.999999999999 0.0032
3939.999999999999 0.0032
3949.999999999999 0.0032
3959.999999999999 0.0031
3969.999999999999 0.0031
3979.999999999999 0.0031
3989.999999999999 0.0031
3999.999999999999 0.0031
4009.999999999999 0.0031
4019.999999999999 0.003
4029.999999999999 0.003
4039.999999999999 0.003
4049.999999999999 0.003
4059.999999999999 0.003
4069.999999999999 0.003
4079.999999999999 0.0029
4089.999999999999 0.0029
4099.999999999999 0.0029
4109.999999999999 0.0029
4119.999999999999 0.0029
4129.999999999999 0.0029
4139.999999999999 0.0028
4149.999999999999 0.0028
4159.999999999999 0.0028
4169.999999999999 0.0028
4179.999999999999 0.0028
4189.999999999999 0.0027
4199.999999999999 0.0027
4209.999999999999 0.0027
4219.999999999999 0.0027
4229.999999999999 0.0027
4239.999999999999 0.0026
4249.999999999999 0.0026
4259.999999999999 0.0026
4269.999999999999 0.0026
4279.999999999999 0.0026
4289.999999999999 0.0026
4299.999999999999 0.0025
4309.999999999999 0.0025
4319.999999999999 0.0025
4329.999999999999 0.0025
4339.999999999999 0.0025
4349.999999999999 0.0025
4359.999999999999 0.0024
4369.999999999999 0.0024
4379.999999999999 0.0024
4389.999999999999 0.0024
4399.999999999999 0.0024
4409.999999999999 0.0024
4419.999999999999 0.0023
4429.999999999999 0.0023
4439.999999999999 0.0023
4449.999999999999 0.0023
4459.999999999999 0.0023
4469.999999999999 0.0023
4479.999999999999 0.0023
4489.999999999999 0.0022
4499.999999999999 0.0022
4509.999999999999 0.0022
4519.999999999999 0.0022
4529.999999999999 0.0022
4539.999999999999 0.0022
4549.999999999999 0.0022
4559.999999999999 0.0022
4569.999999999999 0.0021
4579.999999999999 0.0021
4589.999999999999 0.0021
4599.999999999999 0.0021
4609.999999999999 0.0021
4619.999999999999 0.0021
4629.999999999999 0.0021
4639.999999999999 0.0021
4649.999999999999 0.002
4659.999999999999 0.002
4669.999999999999 0.002
4679.999999999999 0.002
4689.999999999999 0.002
4699.999999999999 0.002
4709.999999999999 0.002
4719.999999999999 0.002
4729.999999999999 0.002
4739.999999999999 0.0019
4749.999999999999 0.0019
4759.999999999999 0.0019
4769.999999999999 0.0019
4779.999999999999 0.0019
4789.999999999999 0.0019
4799.999999999999 0.0019
4809.999999999999 0.0019
4819.999999999999 0.0019
4829.999999999999 0.0019
4839.999999999999 0.0019
4849.999999999999 0.0019
4859.999999999999 0.0018
4869.999999999999 0.0018
4879.999999999999 0.0018
4889.999999999999 0.0018
4899.999999999999 0.0018
4909.999999999999 0.0018
4919.999999999999 0.0018
4929.999999999999 0.0018
4939.999999999999 0.0018
4949.999999999999 0.0018
4959.999999999999 0.0018
4969.999999999999 0.0018
4979.999999999999 0.0018
4989.999999999999 0.0018
4999.999999999999 0.0017
5009.999999999999 0.0017
5019.999999999999 0.0017
5029.999999999999 0.0017
5039.999999999999 0.0017
5049.999999999999 0.0017
5059.999999999999 0.0017
5069.999999999999 0.0017
5079.999999999999 0.0017
5089.999999999999 0.0017
5099.999999999999 0.0017
5109.999999999999 0.0017
5119.999999999999 0.0017
5129.999999999999 0.0017
5139.999999999999 0.0017
5149.999999999999 0.0016
5159.999999999999 0.0016
5169.999999999999 0.0016
5179.999999999999 0.0016
5189.999999999999 0.0016
5199.999999999999 0.0016
5209.999999999999 0.0016
5219.999999999999 0.0016
5229.999999999999 0.0016
5239.999999999999 0.0016
5249.999999999999 0.0016
5259.999999999999 0.0016
5269.999999999999 0.0016
5279.999999999999 0.0016
5289.999999999999 0.0016
5299.999999999999 0.0016
5309.999999999999 0.0016
5319.999999999999 0.0015
5329.999999999999 0.0015
5339.999999999999 0.0015
5349.999999999999 0.0015
5359.999999999999 0.0015
5369.999999999999 0.0015
5379.999999999999 0.0015
5389.999999999999 0.0015
5399.999999999999 0.0015
5409.999999999999 0.0015
5419.999999999999 0.0015
5429.999999999999 0.0015
5439.999999999999 0.0015
5449.999999999999 0.0015
5459.999999999999 0.0015
5469.999999999999 0.0015
5479.999999999999 0.0015
5489.999999999999 0.0015
5499.999999999999 0.0015
5509.999999999999 0.0015
5519.999999999999 0.0015
5529.999999999999 0.0014
5539.999999999999 0.0014
5549.999999999999 0.0014
5559.999999999999 0.0014
5569.999999999999 0.0014
5579.999999999999 0.0014
5589.999999999999 0.0014
5599.999999999999 0.0014
5609.999999999999 0.0014
5619.999999999999 0.0014
5629.999999999999 0.0014
5639.999999999999 0.0014
5649.999999999999 0.0014
5659.999999999999 0.0014
5669.999999999999 0.0014
5679.999999999999 0.0014
5689.999999999999 0.0014
5699.999999999999 0.0014
5709.999999999999 0.0014
5719.999999999999 0.0014
5729.999999999999 0.0014
5739.999999999999 0.0014
5749.999999999999 0.0014
5759.999999999999 0.0014
5769.999999999999 0.0014
5779.999999999999 0.0014
5789.999999999999 0.0014
5799.999999999999 0.0013
5809.999999999999 0.0013
5819.999999999999 0.0013
5829.999999999999 0.0013
5839.999999999999 0.0013
5849.999999999999 0.0013
5859.999999999999 0.0013
5869.999999999999 0.0013
5879.999999999999 0.0013
5889.999999999999 0.0013
5899.999999999999 0.0013
5909.999999999999 0.0013
5919.999999999999 0.0013
5929.999999999999 0.0013
5939.999999999999 0.0013
5949.999999999999 0.0013
5959.999999999999 0.0013
5969.999999999999 0.0013
5979.999999999999 0.0013
5989.999999999999 0.0013
5999.999999999999 0.0013
6009.999999999999 0.0013
6019.999999999999 0.0013
6029.999999999999 0.0013
6039.999999999999 0.0013
6049.999999999999 0.0013
6059.999999999999 0.0013
6069.999999999999 0.0013
6079.999999999999 0.0013
6089.999999999999 0.0013
6099.999999999999 0.0013
6109.999999999999 0.0013
6119.999999999999 0.0013
6129.999999999999 0.0013
6139.999999999999 0.0013
6149.999999999999 0.0013
6159.999999999999 0.0012
6169.999999999999 0.0012
6179.999999999999 0.0012
6189.999999999999 0.0012
6199.999999999999 0.0012
6209.999999999999 0.0012
6219.999999999999 0.0012
6229.999999999999 0.0012
6239.999999999999 0.0012
6249.999999999999 0.0012
6259.999999999999 0.0012
6269.999999999999 0.0012
6279.999999999999 0.0012
6289.999999999999 0.0012
6299.999999999999 0.0012
6309.999999999999 0.0012
6319.999999999999 0.0012
6329.999999999999 0.0012
6339.999999999999 0.0012
6349.999999999999 0.0012
6359.999999999999 0.0012
6369.999999999999 0.0012
6379.999999999999 0.0012
6389.999999999999 0.0012
6399.999999999999 0.0012
6409.999999999999 0.0012
6419.999999999999 0.0012
6429.999999999999 0.0012
6439.999999999999 0.0012
6449.999999999999 0.0012
6459.999999999999 0.0012
6469.999999999999 0.0012
6479.999999999999 0.0012
6489.999999999999 0.0012
6499.999999999999 0.0012
6509.999999999999 0.0012
6519.999999999999 0.0012
6529.999999999999 0.0012
6539.999999999999 0.0012
6549.999999999999 0.0012
6559.999999999999 0.0012
6569.999999999999 0.0012
6579.999999999999 0.0012
6589.999999999999 0.0012
6599.999999999999 0.0012
6609.999999999999 0.0012
6619.999999999999 0.0012
6629.999999999999 0.0012
6639.999999999999 0.0012
6649.999999999999 0.0012
6659.999999999999 0.0012
6669.999999999999 0.0012
6679.999999999999 0.0012
6689.999999999999 0.0012
6699.999999999999 0.0012
6709.999999999999 0.0012
6719.999999999999 0.0012
6729.999999999999 0.0012
6739.999999999999 0.0012
6749.999999999999 0.0012
6759.999999999999 0.0012
6769.999999999999 0.0012
6779.999999999999 0.0012
6789.999999999999 0.0012
6799.999999999999 0.0012
6809.999999999999 0.0012
6819.999999999999 0.0012
6829.999999999999 0.0012
6839.999999999999 0.0012
6849.999999999999 0.0012
6859.999999999999 0.0012
6869.999999999999 0.0012
6879.999999999999 0.0012
6889.999999999999 0.0012
6899.999999999999 0.0013
6909.999999999999 0.0013
6919.999999999999 0.0013
6929.999999999999 0.0013
6939.999999999999 0.0013
6949.999999999999 0.0013
6959.999999999999 0.0013
6969.999999999999 0.0013
6979.999999999999 0.0013
6989.999999999999 0.0013
6999.999999999999 0.0013
7009.999999999999 0.0013
7019.999999999999 0.0013
7029.999999999999 0.0013
7039.999999999999 0.0012
7049.999999999999 0.0012
7059.999999999999 0.0012
7069.999999999999 0.0012
7079.999999999999 0.0012
7089.999999999999 0.0012
7099.999999999999 0.0012
7109.999999999999 0.0012
7119.999999999999 0.0012
7129.999999999999 0.0012
7139.999999999999 0.0012
7149.999999999999 0.0012
7159.999999999999 0.0012
7169.999999999999 0.0012
7179.999999999999 0.0012
7189.999999999999 0.0013
7199.999999999999 0.0013
7209.999999999999 0.0013
7219.999999999999 0.0013
7229.999999999999 0.0013
7239.999999999999 0.0013
7249.999999999999 0.0013
7259.999999999999 0.0013
7269.999999999999 0.0013
