dorado/sensitivity/data/d1_effective_area.ecsv
# %ECSV 0.9
# ---
# datatype:
# - {name: wavelength, unit: Angstrom, datatype: float64}
# - {name: effective_area, unit: cm2, datatype: float64}
# meta: !!omap
# - {comment: Dorado D1 filter effective area}
# schema: astropy-2.0
wavelength effective_area
1500.0 0.0021141071057172857
1510.0 0.0027014095733686482
1520.0 0.0034676786885695816
1530.0 0.004432098081887137
1540.0 0.0057465734807118935
1550.0 0.007219621181099829
1560.0 0.009043185167575874
1570.0 0.011258467894473323
1580.0 0.013739822968038237
1590.0 0.01678989512960233
1600.0 0.020261518048783577
1610.0 0.02435646474135942
1620.0 0.029289764402154174
1630.0 0.03526747438660662
1640.0 0.04250180187936442
1650.0 0.0515655604889964
1660.0 0.06312880598124297
1670.0 0.07806464258510791
1680.0 0.09764393538605201
1690.0 0.12382312708919997
1700.0 0.15915593582461662
1710.0 0.2072975318469785
1720.0 0.27456556373043406
1730.0 0.3682161615149436
1740.0 0.5000139351324356
1750.0 0.6868165947332626
1760.0 0.9543205986756852
1770.0 1.341054934240931
1780.0 1.8997733444378768
1790.0 2.7024713607152306
1800.0 3.8571028608633626
1810.0 5.501782533887106
1820.0 7.787088905888564
1830.0 10.879660169755931
1840.0 14.898157843421128
1850.0 19.829232382624475
1860.0 25.409153383238124
1870.0 31.223690304806972
1880.0 36.78616722941122
1890.0 41.65576946556826
1900.0 45.49399757706051
1910.0 48.45515915193845
1920.0 50.64321601322356
1930.0 52.09046398054484
1940.0 53.01002711702343
1950.0 53.47233782466049
1960.0 53.44386972245165
1970.0 53.00334064892426
1980.0 52.15034860388227
1990.0 50.889652503356864
2000.0 49.31294549325876
2010.0 47.46553936422907
2020.0 45.44046559722914
2030.0 43.33371892386394
2040.0 41.196394484186655
2050.0 39.12235046277829
2060.0 37.15812381253527
2070.0 35.35710136112376
2080.0 33.73793391088701
2090.0 32.28111895889688
2100.0 31.033710547899243
2110.0 29.958141170286222
2120.0 29.06263393875264
2130.0 28.30584967744707
2140.0 27.681564572335002
2150.0 27.170249734677427
2160.0 26.751429947669347
2170.0 26.33325905031022
2180.0 25.90063223319134
2190.0 25.46007651870001
2200.0 24.915156879867965
2210.0 24.183243006684204
2220.0 23.244480065122197
2230.0 22.02079628755007
2240.0 20.53279816300852
2250.0 18.803486278862117
2260.0 16.887356741804243
2270.0 14.882839361242777
2280.0 12.914548988225217
2290.0 11.076022262134284
2300.0 9.39176048210104
2310.0 7.9064599395316675
2320.0 6.619680548148335
2330.0 5.513555774353031
2340.0 4.574489363894973
2350.0 3.7849285236526797
2360.0 3.119594318143946
2370.0 2.5685589432369524
2380.0 2.1093822198184777
2390.0 1.7280080392617436
2400.0 1.4150458197350197
2410.0 1.1622167701639396
2420.0 0.9547004060674013
2430.0 0.7845336626889247
2440.0 0.6468389263121284
2450.0 0.532995316177867
2460.0 0.44101517107421523
2470.0 0.3658562240154604
2480.0 0.30411420249202414
2490.0 0.25406345063412544
2500.0 0.21308619206904164
2510.0 0.1783564299015749
2520.0 0.1499116037887717
2530.0 0.12625910212125427
2540.0 0.10710780262369006
2550.0 0.09151942601413236
2560.0 0.07865959936888346
2570.0 0.06815247302302016
2580.0 0.059378102243792315
2590.0 0.051578366291984916
2600.0 0.04499150985514639
2610.0 0.03955600082596699
2620.0 0.03495420314123001
2630.0 0.030839567321940747
2640.0 0.0273058073678071
2650.0 0.02436467686362518
2660.0 0.021847050006995307
2670.0 0.01976652171589981
2680.0 0.018014088214026083
2690.0 0.016380843917407916
2700.0 0.015005646226752704
2710.0 0.013764875896663293
2720.0 0.01271567740722855
2730.0 0.011856593562413345
2740.0 0.01113460712775557
2750.0 0.010537684296251048
2760.0 0.010049309028988707
2770.0 0.009540876144789802
2780.0 0.00912283271825024
2790.0 0.008737179238643821
2800.0 0.008382705175193067
2810.0 0.008089757009843044
2820.0 0.007821957172679882
2830.0 0.00761797495508382
2840.0 0.007442573819845749
2850.0 0.007341376530898974
2860.0 0.007237232111281924
2870.0 0.007139706427574571
2880.0 0.007072935492069968
2890.0 0.00705188512102365
2900.0 0.007069131561024707
2910.0 0.007096083105549819
2920.0 0.007160727133678308
2930.0 0.007289018079944542
2940.0 0.007416071663777745
2950.0 0.007517296811817726
2960.0 0.007587140578657697
2970.0 0.007732734916014863
2980.0 0.0078431285986595
2990.0 0.007839782421619151
3000.0 0.007795800143524033
3010.0 0.007936611105976057
3020.0 0.00811748467478958
3030.0 0.008126820631898863
3040.0 0.008129941381632153
3050.0 0.008303935597553035
3060.0 0.008474526921141074
3070.0 0.008520431324192997
3080.0 0.008612352071836948
3090.0 0.008694076445770242
3100.0 0.008766428110106432
3110.0 0.008789463374500586
3120.0 0.008801666174690546
3130.0 0.008868775774452067
3140.0 0.00885772702231485
3150.0 0.009120806617957009
3160.0 0.009288275594521606
3170.0 0.00942873627706542
3180.0 0.009549241293818367
3190.0 0.009301489794451098
3200.0 0.009051142706506945
3210.0 0.008898660462535454
3220.0 0.008741111625493509
3230.0 0.008667596374562474
3240.0 0.00867102000010596
3250.0 0.008633788999260511
3260.0 0.008663924473529603
3270.0 0.008797782334264322
3280.0 0.008805057400869983
3290.0 0.008748242599887823
3300.0 0.00867528521217589
3310.0 0.008547820405155773
3320.0 0.008412426473455097
3330.0 0.008342933800676721
3340.0 0.008252943468674936
3350.0 0.008091654044728634
3360.0 0.008032274865944402
3370.0 0.007865057779321283
3380.0 0.0076825055509250045
3390.0 0.007635619327044601
3400.0 0.0074623542631815564
3410.0 0.007285453924928026
3420.0 0.007217570970459556
3430.0 0.00697691849159347
3440.0 0.006839451203315602
3450.0 0.006727352029481455
3460.0 0.006495621052930706
3470.0 0.006293804336343144
3480.0 0.006084284770770642
3490.0 0.005875680591681119
3500.0 0.005768325490234601
3510.0 0.005612432153411474
3520.0 0.005449957576582065
3530.0 0.005280013016289717
3540.0 0.005002931176141968
3550.0 0.004786862921609507
3560.0 0.004571835891530758
3570.0 0.0044256988944064695
3580.0 0.004278538115738775
3590.0 0.004095436503606583
3600.0 0.003913825755149717
3610.0 0.0037801725375689542
3620.0 0.003647058056274498
3630.0 0.0035591221284953702
3640.0 0.0033809545389934647
3650.0 0.003254417143283469
3660.0 0.003216285117418867
3670.0 0.0030179140082824563
3680.0 0.0029060394504623124
3690.0 0.0028483299035578064
3700.0 0.002713223043447964
3710.0 0.0026770628443897712
3720.0 0.00264110424668331
3730.0 0.0025835493373322555
3740.0 0.0025266452016331443
3750.0 0.002444803895325653
3760.0 0.0022963299617066563
3770.0 0.0022250104862198516
3780.0 0.0021547609902301187
3790.0 0.002104525215307714
3800.0 0.0020550126412070646
3810.0 0.0019991524600723085
3820.0 0.0019444170932757807
3830.0 0.0018988991363396554
3840.0 0.0017997146332817025
3850.0 0.0017508840076241791
3860.0 0.0017031978914532906
3870.0 0.0016567320954217805
3880.0 0.0016114483683393468
3890.0 0.0015160650091665586
3900.0 0.00147083460437779
3910.0 0.0014266755394315126
3920.0 0.001383819298694677
3930.0 0.0013459576537149132
3940.0 0.0013092123243832353
3950.0 0.0012707733003813314
3960.0 0.0011949752199102524
3970.0 0.0011682988567615607
3980.0 0.0011423581258010356
3990.0 0.0011043977689517003
4000.0 0.0010677763125725476
4010.0 0.001039339167869696
4020.0 0.0009791868941168933
4030.0 0.0009519613714755769
4040.0 0.000925679360005866
4050.0 0.000900923035601031
4060.0 0.0008770217611433099
4070.0 0.0008522343988712471
4080.0 0.0008007366326192361
4090.0 0.0007808632769863586
4100.0 0.0007616747448471805
4110.0 0.0007428030727602302
4120.0 0.0007245876684545423
4130.0 0.0007051974290694201
4140.0 0.0006628520201888663
4150.0 0.0006472492096633203
4160.0 0.0006322020344027392
4170.0 0.0006152550528416284
4180.0 0.0005989361757944192
4190.0 0.0005638082078669583
4200.0 0.0005505383388000932
4210.0 0.000537250439237047
4220.0 0.000524464313420489
4230.0 0.0005127260546346422
4240.0 0.0004828455582417209
4250.0 0.0004726899713903494
4260.0 0.00046291076216376566
4270.0 0.0004533776613302263
4280.0 0.00044420850998116724
4290.0 0.00043562038222587417
4300.0 0.00041091542710909227
4310.0 0.00040208473100288006
4320.0 0.0003935875148445762
4330.0 0.0003854630008045648
4340.0 0.000377631754548808
4350.0 0.00037048570219802134
4360.0 0.0003490767383664499
4370.0 0.00034553798786227764
4380.0 0.00034220941645851335
4390.0 0.0003367093732646249
4400.0 0.0003314213220058282
4410.0 0.00032661018219624016
4420.0 0.0003085696856164382
4430.0 0.0003043399938085558
4440.0 0.00030027648516345583
4450.0 0.0002956756267652885
4460.0 0.00029125754598629687
4470.0 0.00028753861037704535
4480.0 0.0002839749481754291
4490.0 0.0002686866502103695
4500.0 0.0002658775813845544
4510.0 0.0002633382920188719
4520.0 0.00026091672837287935
4530.0 0.0002579802845783705
4540.0 0.0002551641462623116
4550.0 0.00025275226495370375
4560.0 0.00025044828386219483
4570.0 0.00023694440669492757
4580.0 0.000234918313555031
4590.0 0.00023274110518449942
4600.0 0.00023066390866923007
4610.0 0.00022895731107397242
4620.0 0.00022733694208629582
4630.0 0.00022566849945636683
4640.0 0.00022408545200821174
4650.0 0.0002120734945265712
4660.0 0.00021080699264558513
4670.0 0.00020961662866427944
4680.0 0.0002084939884294404
4690.0 0.00020736614536806148
4700.0 0.0002063078490336088
4710.0 0.00020539324037281847
4720.0 0.00020454000709809264
4730.0 0.00020467129533763084
4740.0 0.0001946203856735305
4750.0 0.00019400553962957624
4760.0 0.00019344417453629663
4770.0 0.00019292691458157085
4780.0 0.00019246080655943348
4790.0 0.0001920607915354948
4800.0 0.0001917126297068035
4810.0 0.0001911810536469409
4820.0 0.00019070153553056175
4830.0 0.0001916441912972531
4840.0 0.00019264278041383103
4850.0 0.00019263053611269284
4860.0 0.00018252549015179662
4870.0 0.0001831162316458565
4880.0 0.00018375366695706503
4890.0 0.00018385303159872458
4900.0 0.0001839944333490784
4910.0 0.00018421932135648247
4920.0 0.00018449083843821625
4930.0 0.00018474042550778224
4940.0 0.00018503024135984626
4950.0 0.0001852884520374684
4960.0 0.0001855889451896665
4970.0 0.00018599763350239036
4980.0 0.00018644484144550322
4990.0 0.00018700397414642136
5000.0 0.0001771773917071874
5010.0 0.00017810236258611906
5020.0 0.00017906354555770367
5030.0 0.00017960370397123414
5040.0 0.00018017746374468952
5050.0 0.00018081450870408605
5060.0 0.0001814860159306311
5070.0 0.00018234864333796104
5080.0 0.0001832474236393668
5090.0 0.00018404761498542365
5100.0 0.00018487973281708294
5110.0 0.0001860450090880762
5120.0 0.00018724576882804954
5130.0 0.00018818067958511968
5140.0 0.00018914845074288736
5150.0 0.00017934347867416914
5160.0 0.00018069945656903812
5170.0 0.00018171523587083677
5180.0 0.00018276147502662042
5190.0 0.00018394503445054558
5200.0 0.00018516022579259143
5210.0 0.0001862894265955906
5220.0 0.0001874487846471511
5230.0 0.000188652475142224
5240.0 0.00018988612978606642
5250.0 0.00019132574924572945
5260.0 0.00019279697498776475
5270.0 0.00019405659746712397
5280.0 0.00019534530650177782
5290.0 0.00019669800850362376
5300.0 0.0001980813414740242
5310.0 0.0001995901564518296
5320.0 0.0001885586847394411
5330.0 0.00018996927844075492
5340.0 0.0001914069241630928
5350.0 0.00019286346447536552
5360.0 0.00019434819510267775
5370.0 0.00019585565003932804
5380.0 0.00019739116027881482
5390.0 0.00019895819227487598
5400.0 0.00020055312625605844
5410.0 0.00020325290733667128
5420.0 0.00020599453216542298
5430.0 0.0002076864257304429
5440.0 0.00020940557791577144
5450.0 0.0002111523355577943
5460.0 0.00021292648372168586
5470.0 0.00021471904939401737
5480.0 0.00021653903547510568
5490.0 0.00021830688453672935
5500.0 0.0002201019232579132
5510.0 0.0002219815469255842
5520.0 0.00022388823054608447
5530.0 0.00021078777931803053
5540.0 0.00021263844586260277
5550.0 0.00021449368223243608
5560.0 0.00021637401474542997
5570.0 0.0002182794048423188
5580.0 0.00022020980662192983
5590.0 0.00022216145232684418
5600.0 0.00022413754346330592
5610.0 0.00022617160081569713
5620.0 0.0002282304195150822
5630.0 0.000230305026841048
5640.0 0.0002324048351361422
5650.0 0.00023452917419429351
5660.0 0.00023667796921160282
5670.0 0.0002372105082172995
5680.0 0.0002377616491536762
5690.0 0.00023954417487423072
5700.0 0.00024134814870084312
5710.0 0.00024346663563790452
5720.0 0.0002456074466275535
5730.0 0.00024687197153511236
5740.0 0.0002481551634868264
5750.0 0.000250449960510518
5760.0 0.0002527669744249312
5770.0 0.00025293743298332975
5780.0 0.0002531267697489192
5790.0 0.0002554112216247111
5800.0 0.0002393112645906907
5810.0 0.0002404559858942849
5820.0 0.0002416155902260577
5830.0 0.0002438489294234957
5840.0 0.00024610149958511767
5850.0 0.0002458674492594486
5860.0 0.00024565202209169155
5870.0 0.000247776994976161
5880.0 0.000249922677702232
5890.0 0.00025109688194949723
5900.0 0.00025228847122891367
5910.0 0.0002546008658172881
5920.0 0.0002569347073408483
5930.0 0.0002590780049637544
5940.0 0.0002612393356847961
5950.0 0.0002637013406515559
5960.0 0.00026618044780657327
5970.0 0.0002687146754423284
5980.0 0.0002712656452136304
5990.0 0.0002729516134285292
6000.0 0.00027465450124940737
6010.0 0.0002773045360049224
6020.0 0.00027997289940698885
6030.0 0.00028266177844719296
6040.0 0.0002853661005896272
6050.0 0.0002880880092421087
6060.0 0.00029082726929524264
6070.0 0.0002935864275680658
6080.0 0.00029635977517803857
6090.0 0.00029914973600302433
6100.0 0.00030195608794996305
6110.0 0.00030478154808063134
6120.0 0.00030761992481443285
6130.0 0.00031047383379248386
6140.0 0.0003133430688833731
6150.0 0.00031622727657793897
6160.0 0.0002945780608515785
6170.0 0.00029726734072484925
6180.0 0.0002999696650078193
6190.0 0.0003026880412790599
6200.0 0.0003054156991172878
6210.0 0.00030815500364761114
6220.0 0.0003109062331518226
6230.0 0.000313669068318839
6240.0 0.0003164432078988047
6250.0 0.000319228314692848
6260.0 0.00032202418404916075
6270.0 0.0003248304060507148
6280.0 0.0003276467324680901
6290.0 0.00033047285153769236
6300.0 0.0003333083847078912
6310.0 0.00033614903946973856
6320.0 0.0003390024936011486
6330.0 0.00034186444418610185
6340.0 0.000344734480115238
6350.0 0.00034761239480120455
6360.0 0.0003504977943050792
6370.0 0.0003533903682343814
6380.0 0.0003562897379757338
6390.0 0.0003591955801269711
6400.0 0.0003621030270635441
6410.0 0.00036502043501401637
6420.0 0.00036794327207717776
6430.0 0.0003708711899550102
6440.0 0.0003738038677120623
6450.0 0.000376736036496254
6460.0 0.0003796771144897777
6470.0 0.00038262182382681697
6480.0 0.000385569888001368
6490.0 0.00038851576969676344
6500.0 0.00039146932358896837
6510.0 0.00039442520886568024
6520.0 0.000397377623635709
6530.0 0.00040033687122648185
6540.0 0.00040329728043278653
6550.0 0.00040625306065821486
6560.0 0.00040921476425188934
6570.0 0.000412176523538599
6580.0 0.0004151323872355776
6590.0 0.0004180933019474147
6600.0 0.0004210532402141091
6610.0 0.00042400517464839365
6620.0 0.00042696121154636637
6630.0 0.00042990918837637046
6640.0 0.0004328607887561729
6650.0 0.00043580955352493
6660.0 0.0004387490907845935
6670.0 0.00044169131025575145
6680.0 0.0004446234222805579
6690.0 0.0004475576019547776
6700.0 0.00045048089912917217
6710.0 0.0004534057584502337
6720.0 0.00045631883589172584
6730.0 0.000459232925367547
6740.0 0.0004621344824627093
6750.0 0.0004650364168485312
6760.0 0.00046792514451884064
6770.0 0.00047081364938980435
6780.0 0.00047368814890791307
6790.0 0.0004765619432910182
6800.0 0.0004794209304990305
6810.0 0.0004822782746432302
6820.0 0.00048512016769669346
6830.0 0.0004879531542109313
6840.0 0.0004907840133415634
6850.0 0.0004935983388975467
6860.0 0.0004964100107986479
6870.0 0.0004992044267743291
6880.0 0.0005019884067173457
6890.0 0.0005047690523997057
6900.0 0.0005498256422935125
6910.0 0.0005528059356178783
6920.0 0.000555781791502157
6930.0 0.000558736762577042
6940.0 0.0005616785828082317
6950.0 0.0005646151468154652
6960.0 0.0005675299150357044
6970.0 0.0005704305999988949
6980.0 0.0005733253170779892
6990.0 0.0005761971970557571
7000.0 0.0005790542216149661
7010.0 0.0005819037389591575
7020.0 0.0005847295353735984
7030.0 0.0005875396160590147
7040.0 0.0005449235552270664
7050.0 0.0005474958838515685
7060.0 0.0005500450982266382
7070.0 0.000552579063010601
7080.0 0.0005550973869738125
7090.0 0.0005575999634459028
7100.0 0.0005600946353804847
7110.0 0.0005625650164584124
7120.0 0.0005650190635457347
