dorado/sensitivity/data/d1_effective_area.ecsv
# %ECSV 0.9
# ---
# datatype:
# - {name: wavelength, unit: Angstrom, datatype: float64}
# - {name: effective_area, unit: cm2, datatype: float64}
# meta: !!omap
# - {comment: Dorado effective area}
# schema: astropy-2.0
wavelength effective_area
1500.0 0.0030186693886551344
1510.0 0.0036603305700965024
1520.0 0.004473333340876859
1530.0 0.0054771551670609875
1540.0 0.006859988801307037
1550.0 0.008419356602153254
1560.0 0.010410269061532074
1570.0 0.012899453365692797
1580.0 0.01578832786693509
1590.0 0.019477690367812727
1600.0 0.023856238870777067
1610.0 0.029610060804243273
1620.0 0.03627693336518368
1630.0 0.04433478272559708
1640.0 0.05424530772019857
1650.0 0.0667765785711315
1660.0 0.08282982346739585
1670.0 0.10356466437246534
1680.0 0.1306609193675418
1690.0 0.16665779409919762
1700.0 0.2148192232515289
1710.0 0.2797777373926702
1720.0 0.3694647542660216
1730.0 0.4927100372581387
1740.0 0.6637593762719991
1750.0 0.9026423334249554
1760.0 1.239645225575848
1770.0 1.7197923564195137
1780.0 2.403425441939366
1790.0 3.370297044370003
1800.0 4.742653449432184
1810.0 6.673576958674501
1820.0 9.326337556690062
1830.0 12.880477634145366
1840.0 17.459802595084117
1850.0 23.039536058821422
1860.0 29.31414087907052
1870.0 35.82440311940003
1880.0 42.04067260484276
1890.0 47.49029764204546
1900.0 51.812648073050966
1910.0 55.19575716176632
1920.0 57.749162572650036
1930.0 59.504852817967105
1940.0 60.6966608911795
1950.0 61.39433927484985
1960.0 61.546483814739524
1970.0 61.23016999864786
1980.0 60.431519865054085
1990.0 59.14870069475033
2000.0 57.47624895160036
2010.0 55.467841920534866
2020.0 53.22116487064052
2030.0 50.84609327406404
2040.0 48.402386410111745
2050.0 45.97102715874535
2060.0 43.64276875397168
2070.0 41.48567583595885
2080.0 39.52662946458808
2090.0 37.76068670940063
2100.0 36.23049787205151
2110.0 34.89381263348466
2120.0 33.7637403694818
2130.0 32.7948738580208
2140.0 31.982073735598455
2150.0 31.30484604809906
2160.0 30.741042680630986
2170.0 30.186868180374724
2180.0 29.62806280566253
2190.0 29.0749688353111
2200.0 28.418255189771294
2210.0 27.56525875806037
2220.0 26.494281351027364
2230.0 25.11762398585502
2240.0 23.45583167400248
2250.0 21.528361549706478
2260.0 19.393856935605687
2270.0 17.15893896753517
2280.0 14.961228686195007
2290.0 12.907489448992555
2300.0 11.020088699716446
2310.0 9.347540754034661
2320.0 7.892394541731221
2330.0 6.6366338143435515
2340.0 5.563761115821734
2350.0 4.655102517072716
2360.0 3.882723240649832
2370.0 3.236596264261507
2380.0 2.692698902636615
2390.0 2.2370790323454415
2400.0 1.8586295236153432
2410.0 1.5485931287591348
2420.0 1.2909388061298352
2430.0 1.076886587472565
2440.0 0.9015309828257864
2450.0 0.7544043224361312
2460.0 0.6340108924817751
2470.0 0.5342585540932042
2480.0 0.45110675561606867
2490.0 0.3826945233271333
2500.0 0.3258343102009464
2510.0 0.27705551572743115
2520.0 0.23650104725760765
2530.0 0.202306889071968
2540.0 0.17425097003103968
2550.0 0.15080094864659746
2560.0 0.13122302948459227
2570.0 0.11494459934938929
2580.0 0.10116779793075498
2590.0 0.08888580851664302
2600.0 0.07836833007106399
2610.0 0.06950970145870526
2620.0 0.06192250922899201
2630.0 0.05512342662001736
2640.0 0.04921275173442574
2650.0 0.04419334257138899
2660.0 0.03986310791820919
2670.0 0.03622441628130843
2680.0 0.03312987397967903
2690.0 0.030251517939002694
2700.0 0.027805632971642954
2710.0 0.025601141026102416
2720.0 0.023720268905007204
2730.0 0.022148412071517506
2740.0 0.02081826903388299
2750.0 0.019682312004916873
2760.0 0.018737795356025405
2770.0 0.01778557950124742
2780.0 0.016989478433655714
2790.0 0.016245298256338307
2800.0 0.015553365579751595
2810.0 0.014967373481980054
2820.0 0.014425864814481082
2830.0 0.013982064748207216
2840.0 0.013586639508496328
2850.0 0.013313105850673947
2860.0 0.0130326567007488
2870.0 0.012785311823407619
2880.0 0.012589815181701634
2890.0 0.012479816879192902
2900.0 0.012431496878747637
2910.0 0.012393097577566882
2920.0 0.012415232902040087
2930.0 0.012514646068319946
2940.0 0.01260861411930741
2950.0 0.01266709061801977
2960.0 0.012667365567833589
2970.0 0.012772456280881986
2980.0 0.012813433650771484
2990.0 0.012735195087513427
3000.0 0.01258965683571617
3010.0 0.012656314408635039
3020.0 0.01278254370581403
3030.0 0.012689977285137603
3040.0 0.012587878529455457
3050.0 0.01269336564745829
3060.0 0.012789424117369287
3070.0 0.012722848272404354
3080.0 0.012724920874656317
3090.0 0.012712968738862537
3100.0 0.012687671939082726
3110.0 0.012608344814184857
3120.0 0.012515446741092838
3130.0 0.01250225988673878
3140.0 0.012381033051812481
3150.0 0.012554279400933052
3160.0 0.012597231423465301
3170.0 0.012638835583700832
3180.0 0.012657059460008266
3190.0 0.012330188457991201
3200.0 0.012000749133819925
3210.0 0.011760278740177902
3220.0 0.011514810709685512
3230.0 0.011346709502684332
3240.0 0.011281925904262538
3250.0 0.011147736692373579
3260.0 0.011107770634785484
3270.0 0.011155868811189015
3280.0 0.01105111380999384
3290.0 0.010927345203900363
3300.0 0.010788723724813489
3310.0 0.010601344294817664
3320.0 0.010406848761627797
3330.0 0.010269036602308575
3340.0 0.010112789567911234
3350.0 0.009894982321836691
3360.0 0.009804383248618766
3370.0 0.009581842307897501
3380.0 0.00934598138575348
3390.0 0.009264940340198865
3400.0 0.009035456996789232
3410.0 0.008802121360373921
3420.0 0.008702152780645647
3430.0 0.00841675379546933
3440.0 0.008259709467373023
3450.0 0.008123125490685975
3460.0 0.007844101557976997
3470.0 0.007633293027343075
3480.0 0.0074152078683118365
3490.0 0.007154448743482291
3500.0 0.00702049211122614
3510.0 0.00684590536283594
3520.0 0.0066655996755033385
3530.0 0.006479652175899838
3540.0 0.006161767354299649
3550.0 0.005936062962471702
3560.0 0.005710288789724361
3570.0 0.005543139739504036
3580.0 0.005375024442887452
3590.0 0.005175347221191693
3600.0 0.004976501159517015
3610.0 0.004820004793227737
3620.0 0.0046639462373382415
3630.0 0.0045839044618584965
3640.0 0.00438663132420429
3650.0 0.004236188680011808
3660.0 0.004200543496057026
3670.0 0.0039834272876528515
3680.0 0.0038780999875145947
3690.0 0.0038228415251849866
3700.0 0.003662748998156485
3710.0 0.0036275527336954816
3720.0 0.003592450348199262
3730.0 0.0035363605607482505
3740.0 0.0034805497714942386
3750.0 0.0033998065408923097
3760.0 0.003224269057051369
3770.0 0.0031523925130472405
3780.0 0.003080887071927465
3790.0 0.0030292422600369387
3800.0 0.002977974969361733
3810.0 0.0029197617782917157
3820.0 0.002862242341672837
3830.0 0.0028140116107525153
3840.0 0.002685001798836846
3850.0 0.0026325129090890038
3860.0 0.0025808269436579886
3870.0 0.0025300419385764464
3880.0 0.002480135339922746
3890.0 0.0023532346301212564
3900.0 0.0023024976352965755
3910.0 0.002252493914765406
3920.0 0.002203517100563306
3930.0 0.0021598611515164724
3940.0 0.0021171390469270713
3950.0 0.0020720641179507258
3960.0 0.0019646144986550347
3970.0 0.0019327922105018768
3980.0 0.0019016384889797352
3990.0 0.0018556797807825099
4000.0 0.0018108897333135223
4010.0 0.0017757973190383163
4020.0 0.0016853908277438604
4030.0 0.001651241433917162
4040.0 0.0016179965374161257
4050.0 0.0015864196309724476
4060.0 0.0015556856236545256
4070.0 0.0015235462106041474
4080.0 0.0014425653075208222
4090.0 0.0014163635671236969
4100.0 0.0013908730958283669
4110.0 0.0013656141027137412
4120.0 0.0013410490309816551
4130.0 0.0013146968817047391
4140.0 0.0012446609105097885
4150.0 0.0012231143776439215
4160.0 0.0012021850656742047
4170.0 0.0011784396243725008
4180.0 0.0011553865486615023
4190.0 0.0010945662706394908
4200.0 0.001075538133936595
4210.0 0.0010563425057352853
4220.0 0.0010377340921064071
4230.0 0.0010205247806631629
4240.0 0.0009666494420414065
4250.0 0.0009515527552458439
4260.0 0.0009369194385075451
4270.0 0.0009225614514181836
4280.0 0.0009086616992857669
4290.0 0.0008955573837670523
4300.0 0.0008489062873932078
4310.0 0.0008352824440794834
4320.0 0.000822084889559755
4330.0 0.0008093917568329676
4340.0 0.0007970783722250237
4350.0 0.0007857460024374404
4360.0 0.0007438012143356378
4370.0 0.0007380188116600882
4380.0 0.0007325456760932924
4390.0 0.0007236391620013106
4400.0 0.0007150274215391238
4410.0 0.0007071439240664367
4420.0 0.0006703786845542418
4430.0 0.0006633724620753912
4440.0 0.0006566057153488631
4450.0 0.000648926693750983
4460.0 0.0006415107863819065
4470.0 0.000635215724677992
4480.0 0.0006291511250596733
4490.0 0.0005967344578859568
4500.0 0.0005918729430570576
4510.0 0.000587439906929663
4520.0 0.0005831874022257811
4530.0 0.0005780717985803797
4540.0 0.000573138932952613
4550.0 0.000568871948065601
4560.0 0.0005647726183008738
4570.0 0.0005353091719086807
4580.0 0.000531663800516246
4590.0 0.0005277465515117729
4600.0 0.0005239866017357639
4610.0 0.0005208513664286724
4620.0 0.0005178540497668994
4630.0 0.0005147633783297494
4640.0 0.0005118099388659019
4650.0 0.000484904253073863
4660.0 0.00048249164868329234
4670.0 0.0004802032626418148
4680.0 0.0004780251617967124
4690.0 0.00047583045098203785
4700.0 0.00047374971311199034
4710.0 0.000471913153807031
4720.0 0.0004701775948993509
4730.0 0.0004700934346972082
4740.0 0.0004466035632133676
4750.0 0.00044528051278837745
4760.0 0.0004440459003304938
4770.0 0.00044288494876301227
4780.0 0.0004418087535987318
4790.0 0.00044084267677173527
4800.0 0.0004399627763278572
4810.0 0.00043875536018213643
4820.0 0.000437634300368125
4830.0 0.0004389129674514785
4840.0 0.0004402795671492178
4850.0 0.0004399555391299311
4860.0 0.0004165672242766957
4870.0 0.0004172612366690688
4880.0 0.0004180298491738228
4890.0 0.0004179053350719783
4900.0 0.0004178497667786683
4910.0 0.000417913514479413
4920.0 0.0004180532112932853
4930.0 0.00041817191056929136
4940.0 0.000418355961987836
4950.0 0.0004184795785608917
4960.0 0.00041867193467229124
4970.0 0.00041904845561753805
4980.0 0.00041948682925552915
4990.0 0.00042010600755581774
5000.0 0.00039740602552456943
5010.0 0.0003986370722334539
5020.0 0.0003999229889204161
5030.0 0.000400512420067375
5040.0 0.0004011546450899949
5050.0 0.00040190078879010226
5060.0 0.0004027006068065029
5070.0 0.0004038111248510042
5080.0 0.0004049768074633155
5090.0 0.00040597923459846234
5100.0 0.00040703011061426277
5110.0 0.00040861314392668936
5120.0 0.00041024775114485257
5130.0 0.00041145210269222796
5140.0 0.00041270541751487096
5150.0 0.0003902535928323978
5160.0 0.00039212694829169237
5170.0 0.00039346109030680745
5180.0 0.00039483949512432925
5190.0 0.00039642555709968675
5200.0 0.0003980563886673639
5210.0 0.000399551108777564
5220.0 0.0004010886384681285
5230.0 0.00040269264467395995
5240.0 0.000404338504162465
5250.0 0.00040629728785430096
5260.0 0.00040829859291708677
5270.0 0.00040995994849850293
5280.0 0.0004116612095570379
5290.0 0.00041345881318435184
5300.0 0.00041529802444371916
5310.0 0.00041732757457050597
5320.0 0.0003931846144612063
5330.0 0.00039507078671828597
5340.0 0.00039699223090917284
5350.0 0.0003989351777855815
5360.0 0.0004009147012042496
5370.0 0.0004029217265671668
5380.0 0.00040496470562457646
5390.0 0.00040704914985349147
5400.0 0.0004091688132901132
5410.0 0.000412921075756538
5420.0 0.0004167175453954238
5430.0 0.00041895254209943755
5440.0 0.0004212207289313636
5450.0 0.0004235224560595662
5460.0 0.0004258571398970544
5470.0 0.000428210281328968
5480.0 0.00043059606784838836
5490.0 0.0004328878279154117
5500.0 0.00043521205848382833
5510.0 0.0004376594527312673
5520.0 0.0004401383090876833
5530.0 0.000413171026225498
5540.0 0.0004155751221588923
5550.0 0.00041797543928957814
5560.0 0.0004204042096067894
5570.0 0.00042286113655840555
5580.0 0.00042534603145746966
5590.0 0.0004278528342783121
5600.0 0.00043038643625966397
5610.0 0.0004329982894288164
5620.0 0.0004356368243007008
5630.0 0.00043828816694757485
5640.0 0.0004409665901306255
5650.0 0.00044367095016444133
5660.0 0.00044640108094725635
5670.0 0.0004468870197515109
5680.0 0.00044739934661251047
5690.0 0.0004496078933404893
5700.0 0.00045184060712439303
5710.0 0.0004544920196310634
5720.0 0.00045716650118515924
5730.0 0.0004586448191797797
5740.0 0.00046014660535413735
5750.0 0.00046302063837399946
5760.0 0.00046591637692465493
5770.0 0.00046590109990846487
5780.0 0.00046591305711251506
5790.0 0.0004687444619825057
5800.0 0.00043791476051753943
5810.0 0.000439229299389141
5820.0 0.00044056241894608765
5830.0 0.00044332451067260586
5840.0 0.000446104553087962
5850.0 0.0004455736721819964
5860.0 0.0004450695970574479
5870.0 0.0004476817609044541
5880.0 0.00045031481343116276
5890.0 0.0004516495371002844
5900.0 0.00045300615975148444
5910.0 0.00045583198343978227
5920.0 0.0004586785243322925
5930.0 0.00046127106698843994
5940.0 0.00046388111437576366
5950.0 0.00046688379659050436
5960.0 0.0004699006607528372
5970.0 0.00047298567619387177
5980.0 0.0004760841324912665
5990.0 0.0004780689697929752
6000.0 0.0004800726965065906
6010.0 0.00048328659872914713
6020.0 0.0004865154908905296
6030.0 0.0004897622044616908
6040.0 0.0004930200678887805
6050.0 0.0004962919417419342
6060.0 0.0004995774600048155
6070.0 0.0005028798345831874
6080.0 0.0005061917996370223
6090.0 0.0005095164628250075
6100.0 0.000512853492656011
6110.0 0.0005162063976692648
6120.0 0.0005195672616264811
6130.0 0.0005229394855912684
6140.0 0.000526322741460002
6150.0 0.0005297166937224162
6160.0 0.0004921116918735128
6170.0 0.0004952633945767198
6180.0 0.000498424000842373
6190.0 0.0005015972993656245
6200.0 0.0005047749194606358
6210.0 0.0005079594311320108
6220.0 0.0005111516158139617
6230.0 0.0005143511108223641
6240.0 0.0005175575461233724
6250.0 0.0005207706139803134
6260.0 0.0005239900359836102
6270.0 0.0005272154586680298
6280.0 0.0005304465222839023
6290.0 0.0005336829669612241
6300.0 0.000536924421759438
6310.0 0.0005401656972245137
6320.0 0.0005434161154303695
6330.0 0.0005466705750188907
6340.0 0.0005499287185080404
6350.0 0.0005531902564366286
6360.0 0.0005564548216174872
6370.0 0.000559722115022868
6380.0 0.0005629917964086261
6390.0 0.000566263520837071
6400.0 0.0005695315850729813
6410.0 0.0005728058600400731
6420.0 0.000576081185540421
6430.0 0.0005793571984791017
6440.0 0.0005826336846797415
6450.0 0.0005859045086837367
6460.0 0.000589180757927883
6470.0 0.000592456433355311
6480.0 0.0005957311912292141
6490.0 0.0005989988392293878
6500.0 0.0006022708041346711
6510.0 0.0006055409570918898
6520.0 0.0006088027687218336
6530.0 0.0006120681926510914
6540.0 0.0006153308033403567
6550.0 0.0006185840515313647
6560.0 0.0006218400646209456
6570.0 0.0006250923179244895
6580.0 0.0006283341228854816
6590.0 0.0006315779448677246
6600.0 0.0006348171214482851
6610.0 0.0006380437415346257
6620.0 0.0006412716451882894
6630.0 0.000644487190750695
6640.0 0.0006477036407694978
6650.0 0.0006509138350646003
6660.0 0.000654110742112204
6670.0 0.0006573077211109976
6680.0 0.0006604906436641945
6690.0 0.0006636732468275245
6700.0 0.0006668410607771118
6710.0 0.0006700081176863152
6720.0 0.0006731597774767743
6730.0 0.0006763101959322549
6740.0 0.0006794445624443648
6750.0 0.0006825771991788605
6760.0 0.0006856932592681594
6770.0 0.0006888071432312202
6780.0 0.0006919037910143167
6790.0 0.0006949978141341767
6800.0 0.0006980740746190301
6810.0 0.0007011461248730116
6820.0 0.0007041997408419641
6830.0 0.000707242325038971
6840.0 0.000710281217989789
6850.0 0.0007133008886676626
6860.0 0.0007163164635118485
6870.0 0.0007193122919065764
6880.0 0.0007222957903654881
6890.0 0.0007252747749253917
6900.0 0.0007889191816393836
6910.0 0.0007921100701303662
6920.0 0.0007952954186723295
6930.0 0.000798457585669363
6940.0 0.0008016050569298754
6950.0 0.0008047464459149309
6960.0 0.0008078639762633386
6970.0 0.0008109661279953399
6980.0 0.0008140616638830103
6990.0 0.0008171325711105509
7000.0 0.0008201875314998925
7010.0 0.0008232344508181139
7020.0 0.0008262560832000596
7030.0 0.0008292611540126686
7040.0 0.0007682304384667148
7050.0 0.0007709817329502117
7060.0 0.0007737089540221975
7070.0 0.0007764202732554157
7080.0 0.0007791155281800081
7090.0 0.00078179455823931
7100.0 0.0007844657507267653
7110.0 0.0007871119826385213
7120.0 0.0007897415680131222
7130.0 0.0007923543526485472
7140.0 0.0007949502860667828
7150.0 0.0007975376900284542
7160.0 0.0008000994459486393
