dorado/sensitivity/data/D2_effective_area.ecsv
# %ECSV 1.0
# ---
# datatype:
# - {name: wavelength, unit: Angstrom, datatype: float64}
# - {name: effective_area, unit: cm2, datatype: float64}
# meta: !!omap
# - __serialized_columns__:
#     effective_area:
#       __class__: astropy.units.quantity.Quantity
#       unit: !astropy.units.Unit {unit: cm2}
#       value: !astropy.table.SerializedColumn {name: effective_area}
#     wavelength:
#       __class__: astropy.units.quantity.Quantity
#       unit: !astropy.units.Unit {unit: Angstrom}
#       value: !astropy.table.SerializedColumn {name: wavelength}
# schema: astropy-2.0
wavelength effective_area
999.9999999999998 0.0
1009.9999999999998 0.0
1019.9999999999998 0.0
1029.9999999999998 0.0
1039.9999999999998 0.0
1049.9999999999998 0.0
1059.9999999999998 0.0
1069.9999999999998 0.0
1079.9999999999998 0.0
1089.9999999999998 0.0
1099.9999999999998 0.0001
1109.9999999999998 0.0001
1119.9999999999998 0.0001
1129.9999999999998 0.0001
1139.9999999999998 0.0001
1149.9999999999998 0.0001
1159.9999999999998 0.0001
1169.9999999999998 0.0001
1179.9999999999998 0.0001
1189.9999999999998 0.0002
1199.9999999999998 0.0002
1209.9999999999998 0.0002
1219.9999999999998 0.0002
1229.9999999999998 0.0002
1239.9999999999998 0.0002
1249.9999999999998 0.0002
1259.9999999999998 0.0002
1269.9999999999998 0.0002
1279.9999999999998 0.0002
1289.9999999999998 0.0002
1299.9999999999998 0.0002
1309.9999999999998 0.0002
1319.9999999999998 0.0002
1329.9999999999998 0.0002
1339.9999999999998 0.0002
1349.9999999999998 0.0002
1359.9999999999998 0.0002
1369.9999999999998 0.0003
1379.9999999999998 0.0003
1389.9999999999998 0.0003
1399.9999999999998 0.0003
1409.9999999999998 0.0003
1419.9999999999998 0.0003
1429.9999999999998 0.0003
1439.9999999999998 0.0003
1449.9999999999998 0.0003
1459.9999999999998 0.0003
1469.9999999999998 0.0004
1479.9999999999998 0.0004
1489.9999999999998 0.0004
1499.9999999999998 0.0004
1509.9999999999998 0.0005
1519.9999999999998 0.0005
1529.9999999999998 0.0005
1539.9999999999998 0.0006
1549.9999999999998 0.0006
1559.9999999999998 0.0007
1569.9999999999998 0.0007
1579.9999999999998 0.0008
1589.9999999999998 0.0008
1599.9999999999998 0.0009
1609.9999999999998 0.001
1619.9999999999998 0.0011
1629.9999999999998 0.0012
1639.9999999999998 0.0013
1649.9999999999998 0.0014
1659.9999999999998 0.0015
1669.9999999999998 0.0016
1679.9999999999998 0.0018
1689.9999999999998 0.0019
1699.9999999999998 0.0021
1709.9999999999998 0.0022
1719.9999999999998 0.0024
1729.9999999999998 0.0026
1739.9999999999998 0.0028
1749.9999999999998 0.003
1759.9999999999998 0.0032
1769.9999999999998 0.0034
1779.9999999999998 0.0036
1789.9999999999998 0.0038
1799.9999999999998 0.004
1809.9999999999998 0.0042
1819.9999999999998 0.0044
1829.9999999999998 0.0046
1839.9999999999998 0.0048
1849.9999999999998 0.005
1859.9999999999998 0.0051
1869.9999999999998 0.0053
1879.9999999999998 0.0054
1889.9999999999998 0.0055
1899.9999999999998 0.0056
1909.9999999999998 0.0094
1919.9999999999995 0.0148
1929.9999999999995 0.022
1939.9999999999995 0.0305
1949.9999999999995 0.0396
1959.9999999999995 0.0481
1969.9999999999995 0.0545
1979.9999999999995 0.0579
1989.9999999999995 0.058
1999.9999999999995 0.0555
2009.9999999999995 0.0512
2019.9999999999995 0.0462
2029.9999999999995 0.0413
2039.9999999999995 0.0367
2049.9999999999995 0.0328
2059.9999999999995 0.0296
2069.9999999999995 0.0269
2079.9999999999995 0.0248
2089.9999999999995 0.0231
2099.9999999999995 0.0218
2109.9999999999995 0.0208
2119.9999999999995 0.0202
2129.9999999999995 0.0197
2139.9999999999995 0.0194
2149.9999999999995 0.0194
2159.9999999999995 0.0196
2169.9999999999995 0.0199
2179.9999999999995 0.0204
2189.9999999999995 0.0212
2199.9999999999995 0.0221
2209.9999999999995 0.0232
2219.9999999999995 0.0247
2229.9999999999995 0.0263
2239.9999999999995 0.0284
2249.9999999999995 0.0308
2259.9999999999995 0.0336
2269.9999999999995 0.0371
2279.9999999999995 0.0412
2289.9999999999995 0.046
2299.9999999999995 0.0518
2309.9999999999995 0.0586
2319.9999999999995 0.0663
2329.9999999999995 0.0751
2339.9999999999995 0.0853
2349.9999999999995 0.0966
2359.9999999999995 0.1095
2369.9999999999995 0.1243
2379.9999999999995 0.1412
2389.9999999999995 0.1607
2399.9999999999995 0.1832
2409.9999999999995 0.2096
2419.9999999999995 0.2403
2429.9999999999995 0.277
2439.9999999999995 0.3211
2449.9999999999995 0.3736
2459.9999999999995 0.437
2469.9999999999995 0.5144
2479.9999999999995 0.6085
2489.9999999999995 0.7258
2499.9999999999995 0.8709
2509.9999999999995 1.0448
2519.9999999999995 1.266
2529.9999999999995 1.5463
2539.9999999999995 1.9106
2549.9999999999995 2.3846
2559.9999999999995 3.0071
2569.9999999999995 3.8429
2579.9999999999995 4.9697
2589.9999999999995 6.5025
2599.9999999999995 8.619
2609.9999999999995 11.3715
2619.9999999999995 15.1148
2629.9999999999995 20.1341
2639.9999999999995 26.6502
2649.9999999999995 34.5753
2659.9999999999995 43.1702
2669.9999999999995 51.1609
2679.9999999999995 56.9008
2689.9999999999995 59.6588
2699.9999999999995 59.7949
2709.9999999999995 58.4367
2719.9999999999995 56.5059
2729.9999999999995 54.5804
2739.9999999999995 52.9686
2749.9999999999995 51.755
2759.9999999999995 50.9174
2769.9999999999995 50.3846
2779.9999999999995 50.0794
2789.9999999999995 49.8733
2799.9999999999995 49.6166
2809.9999999999995 49.2357
2819.9999999999995 48.6309
2829.9999999999995 47.7305
2839.9999999999995 46.4918
2849.9999999999995 44.9047
2859.9999999999995 42.9929
2869.9999999999995 40.8146
2879.9999999999995 38.4908
2889.9999999999995 36.1704
2899.9999999999995 33.9174
2909.9999999999995 31.8396
2919.9999999999995 30.0065
2929.9999999999995 28.3378
2939.9999999999995 26.8337
2949.9999999999995 25.4933
2959.9999999999995 24.2959
2969.9999999999995 23.2182
2979.9999999999995 22.2477
2989.9999999999995 21.3773
2999.9999999999995 20.5901
3009.9999999999995 19.9047
3019.9999999999995 19.2789
3029.9999999999995 18.7086
3039.9999999999995 18.1874
3049.9999999999995 17.7107
3059.9999999999995 17.2633
3069.9999999999995 16.8442
3079.9999999999995 16.4515
3089.9999999999995 16.0781
3099.9999999999995 15.7193
3109.9999999999995 15.3534
3119.9999999999995 14.9911
3129.9999999999995 14.628
3139.9999999999995 14.2644
3149.9999999999995 13.8939
3159.9999999999995 13.51
3169.9999999999995 13.1133
3179.9999999999995 12.7021
3189.9999999999995 12.2733
3199.9999999999995 11.8266
3209.9999999999995 11.3789
3219.9999999999995 10.9146
3229.9999999999995 10.4372
3239.9999999999995 9.9483
3249.9999999999995 9.4517
3259.9999999999995 8.9503
3269.9999999999995 8.4548
3279.9999999999995 7.9643
3289.9999999999995 7.478
3299.9999999999995 7.0008
3309.9999999999995 6.5349
3319.9999999999995 6.085
3329.9999999999995 5.6533
3339.9999999999995 5.2403
3349.9999999999995 4.8481
3359.9999999999995 4.477
3369.9999999999995 4.1247
3379.9999999999995 3.7955
3389.9999999999995 3.4894
3399.9999999999995 3.2048
3409.9999999999995 2.9488
3419.9999999999995 2.7122
3429.9999999999995 2.4936
3439.9999999999995 2.292
3449.9999999999995 2.1063
3459.9999999999995 1.9368
3469.9999999999995 1.7818
3479.9999999999995 1.6396
3489.9999999999995 1.5082
3499.9999999999995 1.3876
3509.9999999999995 1.2764
3519.9999999999995 1.1748
3529.9999999999995 1.0804
3539.9999999999995 0.994
3549.9999999999995 0.9143
3559.9999999999995 0.8414
3569.9999999999995 0.7736
3579.9999999999995 0.7114
3589.9999999999995 0.6548
3599.9999999999995 0.6032
3609.9999999999995 0.5574
3619.9999999999995 0.5155
3629.9999999999995 0.4779
3639.9999999999995 0.444
3649.9999999999995 0.4129
3659.9999999999995 0.3846
3669.9999999999995 0.3587
3679.9999999999995 0.3361
3689.9999999999995 0.315
3699.9999999999995 0.2966
3709.9999999999995 0.2792
3719.9999999999995 0.2638
3729.9999999999995 0.2494
3739.9999999999995 0.2363
3749.9999999999995 0.2243
3759.9999999999995 0.213
3769.9999999999995 0.2027
3779.9999999999995 0.193
3789.9999999999995 0.184
3799.9999999999995 0.1755
3809.9999999999995 0.1676
3819.9999999999995 0.1602
3829.9999999999995 0.1532
3839.999999999999 0.1466
3849.999999999999 0.1404
3859.999999999999 0.1343
3869.999999999999 0.1286
3879.999999999999 0.1233
3889.999999999999 0.1182
3899.999999999999 0.1136
3909.999999999999 0.1093
3919.999999999999 0.1051
3929.999999999999 0.1012
3939.999999999999 0.0974
3949.999999999999 0.0938
3959.999999999999 0.0904
3969.999999999999 0.0871
3979.999999999999 0.0839
3989.999999999999 0.0809
3999.999999999999 0.0781
4009.999999999999 0.0754
4019.999999999999 0.0729
4029.999999999999 0.0704
4039.999999999999 0.0681
4049.999999999999 0.0658
4059.999999999999 0.0637
4069.999999999999 0.0616
4079.999999999999 0.0597
4089.999999999999 0.0578
4099.999999999999 0.0559
4109.999999999999 0.0542
4119.999999999999 0.0525
4129.999999999999 0.0509
4139.999999999999 0.0493
4149.999999999999 0.0477
4159.999999999999 0.0462
4169.999999999999 0.0447
4179.999999999999 0.0433
4189.999999999999 0.042
4199.999999999999 0.0407
4209.999999999999 0.0395
4219.999999999999 0.0383
4229.999999999999 0.0372
4239.999999999999 0.0361
4249.999999999999 0.035
4259.999999999999 0.034
4269.999999999999 0.033
4279.999999999999 0.0321
4289.999999999999 0.0312
4299.999999999999 0.0303
4309.999999999999 0.0295
4319.999999999999 0.0286
4329.999999999999 0.0279
4339.999999999999 0.0271
4349.999999999999 0.0264
4359.999999999999 0.0257
4369.999999999999 0.025
4379.999999999999 0.0243
4389.999999999999 0.0237
4399.999999999999 0.0231
4409.999999999999 0.0225
4419.999999999999 0.0219
4429.999999999999 0.0214
4439.999999999999 0.0208
4449.999999999999 0.0203
4459.999999999999 0.0198
4469.999999999999 0.0194
4479.999999999999 0.0189
4489.999999999999 0.0185
4499.999999999999 0.018
4509.999999999999 0.0176
4519.999999999999 0.0172
4529.999999999999 0.0169
4539.999999999999 0.0165
4549.999999999999 0.0161
4559.999999999999 0.0158
4569.999999999999 0.0155
4579.999999999999 0.0151
4589.999999999999 0.0148
4599.999999999999 0.0145
4609.999999999999 0.0142
4619.999999999999 0.0139
4629.999999999999 0.0136
4639.999999999999 0.0133
4649.999999999999 0.0131
4659.999999999999 0.0128
4669.999999999999 0.0126
4679.999999999999 0.0123
4689.999999999999 0.0121
4699.999999999999 0.0118
4709.999999999999 0.0116
4719.999999999999 0.0114
4729.999999999999 0.0112
4739.999999999999 0.011
4749.999999999999 0.0108
4759.999999999999 0.0106
4769.999999999999 0.0104
4779.999999999999 0.0102
4789.999999999999 0.01
4799.999999999999 0.0098
4809.999999999999 0.0097
4819.999999999999 0.0095
4829.999999999999 0.0093
4839.999999999999 0.0092
4849.999999999999 0.009
4859.999999999999 0.0089
4869.999999999999 0.0087
4879.999999999999 0.0086
4889.999999999999 0.0085
4899.999999999999 0.0083
4909.999999999999 0.0082
4919.999999999999 0.0081
4929.999999999999 0.0079
4939.999999999999 0.0078
4949.999999999999 0.0077
4959.999999999999 0.0076
4969.999999999999 0.0075
4979.999999999999 0.0073
4989.999999999999 0.0072
4999.999999999999 0.0071
5009.999999999999 0.007
5019.999999999999 0.0069
5029.999999999999 0.0068
5039.999999999999 0.0067
5049.999999999999 0.0066
5059.999999999999 0.0065
5069.999999999999 0.0064
5079.999999999999 0.0064
5089.999999999999 0.0063
5099.999999999999 0.0062
5109.999999999999 0.0061
5119.999999999999 0.006
5129.999999999999 0.0059
5139.999999999999 0.0059
5149.999999999999 0.0058
5159.999999999999 0.0057
5169.999999999999 0.0056
5179.999999999999 0.0056
5189.999999999999 0.0055
5199.999999999999 0.0054
5209.999999999999 0.0054
5219.999999999999 0.0053
5229.999999999999 0.0052
5239.999999999999 0.0052
5249.999999999999 0.0051
5259.999999999999 0.005
5269.999999999999 0.005
5279.999999999999 0.0049
5289.999999999999 0.0049
5299.999999999999 0.0048
5309.999999999999 0.0047
5319.999999999999 0.0047
5329.999999999999 0.0046
5339.999999999999 0.0046
5349.999999999999 0.0045
5359.999999999999 0.0045
5369.999999999999 0.0044
5379.999999999999 0.0044
5389.999999999999 0.0043
5399.999999999999 0.0043
5409.999999999999 0.0042
5419.999999999999 0.0042
5429.999999999999 0.0041
5439.999999999999 0.0041
5449.999999999999 0.004
5459.999999999999 0.004
5469.999999999999 0.004
5479.999999999999 0.0039
5489.999999999999 0.0039
5499.999999999999 0.0038
5509.999999999999 0.0038
5519.999999999999 0.0038
5529.999999999999 0.0037
5539.999999999999 0.0037
5549.999999999999 0.0036
5559.999999999999 0.0036
5569.999999999999 0.0036
5579.999999999999 0.0035
5589.999999999999 0.0035
5599.999999999999 0.0035
5609.999999999999 0.0034
5619.999999999999 0.0034
5629.999999999999 0.0034
5639.999999999999 0.0033
5649.999999999999 0.0033
5659.999999999999 0.0033
5669.999999999999 0.0032
5679.999999999999 0.0032
5689.999999999999 0.0032
5699.999999999999 0.0032
5709.999999999999 0.0031
5719.999999999999 0.0031
5729.999999999999 0.0031
5739.999999999999 0.003
5749.999999999999 0.003
5759.999999999999 0.003
5769.999999999999 0.003
5779.999999999999 0.0029
5789.999999999999 0.0029
5799.999999999999 0.0029
5809.999999999999 0.0029
5819.999999999999 0.0028
5829.999999999999 0.0028
5839.999999999999 0.0028
5849.999999999999 0.0028
5859.999999999999 0.0028
5869.999999999999 0.0027
5879.999999999999 0.0027
5889.999999999999 0.0027
5899.999999999999 0.0027
5909.999999999999 0.0026
5919.999999999999 0.0026
5929.999999999999 0.0026
5939.999999999999 0.0026
5949.999999999999 0.0026
5959.999999999999 0.0025
5969.999999999999 0.0025
5979.999999999999 0.0025
5989.999999999999 0.0025
5999.999999999999 0.0025
6009.999999999999 0.0025
6019.999999999999 0.0024
6029.999999999999 0.0024
6039.999999999999 0.0024
6049.999999999999 0.0024
6059.999999999999 0.0024
6069.999999999999 0.0024
6079.999999999999 0.0023
6089.999999999999 0.0023
6099.999999999999 0.0023
6109.999999999999 0.0023
6119.999999999999 0.0023
6129.999999999999 0.0023
6139.999999999999 0.0022
6149.999999999999 0.0022
6159.999999999999 0.0022
6169.999999999999 0.0022
6179.999999999999 0.0022
6189.999999999999 0.0022
6199.999999999999 0.0022
6209.999999999999 0.0021
6219.999999999999 0.0021
6229.999999999999 0.0021
6239.999999999999 0.0021
6249.999999999999 0.0021
6259.999999999999 0.0021
6269.999999999999 0.0021
6279.999999999999 0.0021
6289.999999999999 0.0021
6299.999999999999 0.002
6309.999999999999 0.002
6319.999999999999 0.002
6329.999999999999 0.002
6339.999999999999 0.002
6349.999999999999 0.002
6359.999999999999 0.002
6369.999999999999 0.002
6379.999999999999 0.002
6389.999999999999 0.002
6399.999999999999 0.0019
6409.999999999999 0.0019
6419.999999999999 0.0019
6429.999999999999 0.0019
6439.999999999999 0.0019
6449.999999999999 0.0019
6459.999999999999 0.0019
6469.999999999999 0.0019
6479.999999999999 0.0019
6489.999999999999 0.0019
6499.999999999999 0.0018
6509.999999999999 0.0018
6519.999999999999 0.0018
6529.999999999999 0.0018
6539.999999999999 0.0018
6549.999999999999 0.0018
6559.999999999999 0.0018
6569.999999999999 0.0018
6579.999999999999 0.0018
6589.999999999999 0.0018
6599.999999999999 0.0018
6609.999999999999 0.0018
6619.999999999999 0.0018
6629.999999999999 0.0018
6639.999999999999 0.0018
6649.999999999999 0.0018
6659.999999999999 0.0018
6669.999999999999 0.0018
6679.999999999999 0.0018
6689.999999999999 0.0018
6699.999999999999 0.0017
6709.999999999999 0.0017
6719.999999999999 0.0017
6729.999999999999 0.0017
6739.999999999999 0.0017
6749.999999999999 0.0017
6759.999999999999 0.0017
6769.999999999999 0.0017
6779.999999999999 0.0017
6789.999999999999 0.0017
6799.999999999999 0.0017
6809.999999999999 0.0017
6819.999999999999 0.0017
6829.999999999999 0.0017
6839.999999999999 0.0017
6849.999999999999 0.0017
6859.999999999999 0.0017
6869.999999999999 0.0017
6879.999999999999 0.0017
6889.999999999999 0.0017
6899.999999999999 0.0017
6909.999999999999 0.0017
6919.999999999999 0.0017
6929.999999999999 0.0017
6939.999999999999 0.0017
6949.999999999999 0.0017
6959.999999999999 0.0017
6969.999999999999 0.0016
6979.999999999999 0.0016
6989.999999999999 0.0016
6999.999999999999 0.0016
7009.999999999999 0.0016
7019.999999999999 0.0016
7029.999999999999 0.0016
7039.999999999999 0.0016
7049.999999999999 0.0016
7059.999999999999 0.0016
7069.999999999999 0.0016
7079.999999999999 0.0016
7089.999999999999 0.0016
7099.999999999999 0.0016
7109.999999999999 0.0016
7119.999999999999 0.0016
7129.999999999999 0.0016
7139.999999999999 0.0016
7149.999999999999 0.0016
7159.999999999999 0.0016
7169.999999999999 0.0016
7179.999999999999 0.0016
7189.999999999999 0.0016
7199.999999999999 0.0016
7209.999999999999 0.0016
7219.999999999999 0.0016
7229.999999999999 0.0016
7239.999999999999 0.0016
7249.999999999999 0.0016
7259.999999999999 0.0016
7269.999999999999 0.0016
7279.999999999999 0.0016
