dorado/sensitivity/data/D2_effective_area.ecsv
# %ECSV 1.0
# ---
# datatype:
# - {name: wavelength, unit: Angstrom, datatype: float64}
# - {name: effective_area, unit: cm2, datatype: float64}
# meta: !!omap
# - __serialized_columns__:
#     effective_area:
#       __class__: astropy.units.quantity.Quantity
#       unit: !astropy.units.Unit {unit: cm2}
#       value: !astropy.table.SerializedColumn {name: effective_area}
#     wavelength:
#       __class__: astropy.units.quantity.Quantity
#       unit: !astropy.units.Unit {unit: Angstrom}
#       value: !astropy.table.SerializedColumn {name: wavelength}
# schema: astropy-2.0
wavelength effective_area
[from data line 630]
7299.999999999999 0.0016
7309.999999999999 0.0016
7319.999999999999 0.0016
7329.999999999999 0.0016
7339.999999999999 0.0016
7349.999999999999 0.0016
7359.999999999999 0.0016
7369.999999999999 0.0016
7379.999999999999 0.0017
7389.999999999999 0.0017
7399.999999999999 0.0017
7409.999999999999 0.0016
7419.999999999999 0.0016
7429.999999999999 0.0016
7439.999999999999 0.0016
7449.999999999999 0.0016
7459.999999999999 0.0016
7469.999999999999 0.0016
7479.999999999999 0.0017
7489.999999999999 0.0017
7499.999999999999 0.0017
7509.999999999999 0.0017
7519.999999999999 0.0017
7529.999999999999 0.0017
7539.999999999999 0.0017
7549.999999999999 0.0017
7559.999999999999 0.0017
7569.999999999999 0.0017
7579.999999999999 0.0018
7589.999999999999 0.0018
7599.999999999999 0.0018
7609.999999999999 0.0018
7619.999999999999 0.0017
7629.999999999999 0.0017
7639.999999999999 0.0017
7649.999999999999 0.0017
7659.999999999999 0.0017
7669.999999999999 0.0017
7679.999999999998 0.0018
7689.999999999998 0.0018
7699.999999999998 0.0018
7709.999999999998 0.0018
7719.999999999998 0.0018
7729.999999999998 0.0018
7739.999999999998 0.0018
7749.999999999998 0.0018
7759.999999999998 0.0019
7769.999999999998 0.0019
7779.999999999998 0.0019
7789.999999999998 0.0019
7799.999999999998 0.0019
7809.999999999998 0.002
7819.999999999998 0.002
7829.999999999998 0.002
7839.999999999998 0.002
7849.999999999998 0.002
7859.999999999998 0.0021
7869.999999999998 0.0021
7879.999999999998 0.0021
7889.999999999998 0.0022
7899.999999999998 0.0022
7909.999999999998 0.0023
7919.999999999998 0.0023
7929.999999999998 0.0024
7939.999999999998 0.0023
7949.999999999998 0.0024
7959.999999999998 0.0024
7969.999999999998 0.0025
7979.999999999998 0.0025
7989.999999999998 0.0025
7999.999999999998 0.0026
8009.999999999998 0.0026
8019.999999999998 0.0026
8029.999999999998 0.0026
8039.999999999998 0.0027
8049.999999999998 0.0027
8059.999999999998 0.0027
8069.999999999998 0.0028
8079.999999999998 0.0029
8089.999999999998 0.0028
8099.999999999998 0.0029
8109.999999999998 0.003
8119.999999999998 0.0031
8129.999999999998 0.0031
8139.999999999998 0.0031
8149.999999999998 0.0032
8159.999999999998 0.0033
8169.999999999998 0.0033
8179.999999999998 0.0033
8189.999999999998 0.0034
8199.999999999998 0.0034
8209.999999999998 0.0034
8219.999999999998 0.0034
8229.999999999998 0.0035
8239.999999999998 0.0034
8249.999999999998 0.0035
8259.999999999998 0.0035
8269.999999999998 0.0035
8279.999999999998 0.0036
8289.999999999998 0.0036
8299.999999999998 0.0036
8309.999999999998 0.0037
8319.999999999998 0.0037
8329.999999999998 0.0038
8339.999999999998 0.0038
8349.999999999998 0.0038
8359.999999999998 0.0039
8369.999999999998 0.0039
8379.999999999998 0.004
8389.999999999998 0.004
8399.999999999998 0.0041
8409.999999999998 0.0041
8419.999999999998 0.0042
8429.999999999998 0.0041
8439.999999999998 0.0042
8449.999999999998 0.0042
8459.999999999998 0.0043
8469.999999999998 0.0043
8479.999999999998 0.0044
8489.999999999998 0.0044
8499.999999999998 0.0045
8509.999999999998 0.0045
8519.999999999998 0.0045
8529.999999999998 0.0046
8539.999999999998 0.0046
8549.999999999998 0.0047
8559.999999999998 0.0047
8569.999999999998 0.0048
8579.999999999998 0.0049
8589.999999999998 0.0049
8599.999999999998 0.0049
8609.999999999998 0.005
8619.999999999998 0.005
8629.999999999998 0.005
8639.999999999998 0.0051
8649.999999999998 0.0052
8659.999999999998 0.0052
8669.999999999998 0.0052
8679.999999999998 0.0052
8689.999999999998 0.0054
8699.999999999998 0.0054
8709.999999999998 0.0054
8719.999999999998 0.0054
8729.999999999998 0.0055
8739.999999999998 0.0055
8749.999999999998 0.0055
8759.999999999998 0.0057
8769.999999999998 0.0057
8779.999999999998 0.0058
8789.999999999998 0.0058
8799.999999999998 0.0058
8809.999999999998 0.0059
8819.999999999998 0.0059
8829.999999999998 0.006
8839.999999999998 0.006
8849.999999999998 0.006
8859.999999999998 0.0061
8869.999999999998 0.006
8879.999999999998 0.006
8889.999999999998 0.006
8899.999999999998 0.006
8909.999999999998 0.0059
8919.999999999998 0.0059
8929.999999999998 0.0059
8939.999999999998 0.0058
8949.999999999998 0.0059
8959.999999999998 0.0058
8969.999999999998 0.0058
8979.999999999998 0.0058
8989.999999999998 0.0058
8999.999999999998 0.0057
9009.999999999998 0.0057
9019.999999999998 0.0057
9029.999999999998 0.0056
9039.999999999998 0.0056
9049.999999999998 0.0056
9059.999999999998 0.0056
9069.999999999998 0.0055
9079.999999999998 0.0055
9089.999999999998 0.0055
9099.999999999998 0.0054
9109.999999999998 0.0055
9119.999999999998 0.0054
9129.999999999998 0.0054
9139.999999999998 0.0052
9149.999999999998 0.0052
9159.999999999998 0.0052
9169.999999999998 0.0052
9179.999999999998 0.005
9189.999999999998 0.005
9199.999999999998 0.005
9209.999999999998 0.0049
9219.999999999998 0.0049
9229.999999999998 0.0048
9239.999999999998 0.0047
9249.999999999998 0.0047
9259.999999999998 0.0047
9269.999999999998 0.0046
9279.999999999998 0.0045
9289.999999999998 0.0045
9299.999999999998 0.0045
9309.999999999998 0.0044
9319.999999999998 0.0043
9329.999999999998 0.0043
9339.999999999998 0.0042
9349.999999999998 0.0042
9359.999999999998 0.0042
9369.999999999998 0.004
9379.999999999998 0.004
9389.999999999998 0.004
9399.999999999998 0.0039
9409.999999999998 0.0038
9419.999999999998 0.0037
9429.999999999998 0.0037
9439.999999999998 0.0036
9449.999999999998 0.0035
9459.999999999998 0.0035
9469.999999999998 0.0034
9479.999999999998 0.0033
9489.999999999998 0.0032
9499.999999999998 0.0032
9509.999999999998 0.0031
9519.999999999998 0.003
9529.999999999998 0.0029
9539.999999999998 0.0029
9549.999999999998 0.0028
9559.999999999998 0.0027
9569.999999999998 0.0026
9579.999999999998 0.0026
9589.999999999998 0.0025
9599.999999999998 0.0024
9609.999999999998 0.0023
9619.999999999998 0.0024
9629.999999999998 0.0023
9639.999999999998 0.0022
9649.999999999998 0.0021
9659.999999999998 0.0021
9669.999999999998 0.002
9679.999999999998 0.002
9689.999999999998 0.0019
9699.999999999998 0.0019
9709.999999999998 0.0019
9719.999999999998 0.0018
9729.999999999998 0.0017
9739.999999999998 0.0017
9749.999999999998 0.0016
9759.999999999998 0.0015
9769.999999999998 0.0015
9779.999999999998 0.0015
9789.999999999998 0.0015
9799.999999999998 0.0014
9809.999999999998 0.0013
9819.999999999998 0.0013
9829.999999999998 0.0012
9839.999999999998 0.0012
9849.999999999998 0.0011
9859.999999999998 0.0011
9869.999999999998 0.0011
9879.999999999998 0.001
9889.999999999998 0.001
9899.999999999998 0.0009
9909.999999999998 0.0009
9919.999999999998 0.0008
9929.999999999998 0.0008
9939.999999999998 0.0007
9949.999999999998 0.0007
9959.999999999998 0.0007
9969.999999999998 0.0007
9979.999999999998 0.0006
9989.999999999998 0.0006
9999.999999999998 0.0005
