dorado/sensitivity/data/nuv_d_threshold_effective_area.ecsv
# %ECSV 0.9
# ---
# datatype:
# - {name: wavelength, unit: Angstrom, datatype: float64}
# - {name: effective_area, unit: cm2, datatype: float64}
# meta: !!omap
# - {comment: Dorado effective area (threshold mission)}
# schema: astropy-2.0
wavelength effective_area
[from data line 562]
7120.0 7.839628891678438e-06
7130.0 7.823553022794979e-06
7140.0 7.812953993221733e-06
7150.0 7.802288809230101e-06
7160.0 7.791548716594698e-06
7170.0 7.780734045020306e-06
7180.0 7.769854116557215e-06
7190.0 7.758900231930841e-06
7200.0 7.747890632269251e-06
7210.0 7.734966559276868e-06
7220.0 7.714493886292377e-06
7230.0 7.693612953129587e-06
7240.0 7.67232639742677e-06
7250.0 7.650645720949173e-06
7260.0 7.6285381231441136e-06
7270.0 7.6060064065022484e-06
7280.0 7.583044564338078e-06
7290.0 7.5596290815153284e-06
7300.0 7.54422848366017e-06
7310.0 7.5323456190535006e-06
7320.0 7.5204028827362776e-06
7330.0 7.508400549462494e-06
7340.0 7.496321495436966e-06
7350.0 7.484192148188226e-06
7360.0 7.471995402238035e-06
7370.0 7.459740231614956e-06
7380.0 7.447418285066126e-06
7390.0 7.423323434003781e-06
7400.0 7.398808587951125e-06
7410.0 7.3738509461322595e-06
7420.0 7.348462138530965e-06
7430.0 7.322611049752332e-06
7440.0 7.296300921893408e-06
7450.0 7.2695349970512474e-06
7460.0 7.242282599437318e-06
7470.0 7.2160617376004115e-06
7480.0 7.203133480177234e-06
7490.0 7.1901429894275585e-06
7500.0 7.173750088608447e-06
7510.0 7.156442997286829e-06
7520.0 7.139088396667157e-06
7530.0 7.121678233156397e-06
7540.0 7.1042128554230746e-06
7550.0 7.086684326097001e-06
7560.0 7.0691178519628396e-06
7570.0 7.036830764875323e-06
7580.0 7.004104233027809e-06
7590.0 6.970942579909989e-06
7600.0 6.9373337893798275e-06
7610.0 6.9032578846805196e-06
7620.0 6.868727661297032e-06
7630.0 6.833723421407378e-06
7640.0 6.798249976637195e-06
7650.0 6.762271870646963e-06
7660.0 6.738771306846263e-06
7670.0 6.720706603889798e-06
7680.0 6.702593613592121e-06
7690.0 6.68444064523651e-06
7700.0 6.666247977757791e-06
7710.0 6.648007975965158e-06
7720.0 6.629728879408188e-06
7730.0 6.611403099385218e-06
7740.0 6.593038828956685e-06
7750.0 6.572915694640868e-06
7760.0 6.53704428339542e-06
7770.0 6.500741590132721e-06
7780.0 6.463989102503775e-06
7790.0 6.426791771601626e-06
7800.0 6.389131433745797e-06
7810.0 6.350997885870576e-06
7820.0 6.3124040861729e-06
7830.0 6.273324723917426e-06
7840.0 6.2337576961206075e-06
7850.0 6.200212098805787e-06
7860.0 6.1816896010291205e-06
7870.0 6.163118967650818e-06
7880.0 6.144523173976983e-06
7890.0 6.125894933485345e-06
7900.0 6.10723452511072e-06
7910.0 1.2177039760170324e-05
7920.0 1.2139636640903575e-05
7930.0 1.2102081747603523e-05
7940.0 1.2064524064955279e-05
7950.0 1.2018798148818612e-05
7960.0 1.1940049164798652e-05
7970.0 1.1860389097682749e-05
7980.0 1.1779901970086443e-05
7990.0 1.1698525609288387e-05
8000.0 1.1616271172681347e-05
8010.0 1.1523275830048043e-05
8020.0 1.1429505171589922e-05
8030.0 1.1334830260778989e-05
8040.0 1.1239338186960361e-05
8050.0 1.1142973001497994e-05
8060.0 1.1091029302023918e-05
8070.0 1.1044128197248425e-05
8080.0 1.0997093455460542e-05
8090.0 1.0950066351959795e-05
8100.0 1.0903046886746173e-05
8110.0 1.0855896722322909e-05
8120.0 1.0808755371307873e-05
8130.0 1.6142434250551596e-05
8140.0 1.607157794573481e-05
8150.0 1.6000736329931743e-05
8160.0 1.5909193249954738e-05
8170.0 1.576904266019655e-05
8180.0 1.5627699915082483e-05
8190.0 1.548545608483954e-05
8200.0 1.5342065341402963e-05
8210.0 1.5197617711920618e-05
8220.0 1.5052136111253894e-05
8230.0 1.4905577810879103e-05
8240.0 1.475790125739363e-05
8250.0 1.4609131128340523e-05
8260.0 1.9279012960320913e-05
8270.0 1.9109231537330588e-05
8280.0 1.8986277708476624e-05
8290.0 1.8863396803155545e-05
8300.0 1.8740528759807447e-05
8310.0 1.861767798513645e-05
8320.0 1.849497488457194e-05
8330.0 1.8372233985389308e-05
8340.0 1.8249585399237654e-05
8350.0 1.8127032651480272e-05
8360.0 2.2505569523746738e-05
8370.0 2.2352539843906843e-05
8380.0 2.2199582826831958e-05
8390.0 2.204670376056704e-05
8400.0 2.1893968582277458e-05
8410.0 2.1741321343327165e-05
8420.0 2.158882739332098e-05
8430.0 2.1436371603403796e-05
8440.0 2.5540990067551007e-05
8450.0 2.535836878732027e-05
8460.0 2.5175954721220187e-05
8470.0 2.4993753157295708e-05
8480.0 2.481171108471352e-05
8490.0 2.462983467285939e-05
8500.0 2.444818780243677e-05
8510.0 2.8297779330991746e-05
8520.0 2.8041820914021254e-05
8530.0 2.7786362831123634e-05
8540.0 2.7531356912329154e-05
8550.0 2.727681237808398e-05
8560.0 2.702279391832393e-05
8570.0 2.6769199430330656e-05
8580.0 2.651620339046346e-05
8590.0 2.6263649763255393e-05
8600.0 2.972756923341456e-05
8610.0 2.9440143352088957e-05
8620.0 2.9153377863275988e-05
8630.0 2.8867229207228992e-05
8640.0 2.8581707756949926e-05
8650.0 2.8296823885440744e-05
8660.0 2.801258796570338e-05
8670.0 2.772901037073979e-05
8680.0 3.087691501701247e-05
8690.0 3.0559431315656405e-05
8700.0 3.0242829297521218e-05
8710.0 2.9926919356209997e-05
8720.0 2.961191261249408e-05
8730.0 2.9297720410139123e-05
8740.0 2.898430572054784e-05
8750.0 2.8671729391803473e-05
8760.0 3.151118872173558e-05
8770.0 3.116584047009384e-05
8780.0 3.082146643406754e-05
8790.0 3.047807929177021e-05
8800.0 3.0135737970358764e-05
8810.0 2.979436226567455e-05
8820.0 2.9454056969732703e-05
8830.0 3.202626285311484e-05
8840.0 3.165429806602361e-05
8850.0 3.128346049084039e-05
8860.0 3.091376511079022e-05
8870.0 3.054531402859146e-05
8880.0 3.017807674679618e-05
8890.0 3.252225890402364e-05
8900.0 3.212429523887189e-05
8910.0 3.172774745556903e-05
8920.0 3.1332587745963936e-05
8930.0 3.093883109328164e-05
8940.0 3.054657422164692e-05
8950.0 3.266860982142597e-05
8960.0 3.2246683528693135e-05
8970.0 3.182638542544396e-05
8980.0 3.140773049490343e-05
8990.0 3.099061687172593e-05
9000.0 3.0575140127480404e-05
9010.0 3.0161354579100725e-05
9020.0 2.9765215248686802e-05
9030.0 2.9386411882673282e-05
9040.0 2.900918656479849e-05
9050.0 2.8633403491830925e-05
9060.0 2.825915101440991e-05
9070.0 2.788633423965343e-05
9080.0 2.7515076929653237e-05
9090.0 2.7145357076518536e-05
9100.0 2.6777189114854217e-05
9110.0 2.641062220335541e-05
9120.0 2.604560098476535e-05
9130.0 2.568217496146026e-05
9140.0 2.5320425954139133e-05
9150.0 2.496026628722243e-05
9160.0 2.4601711426358203e-05
9170.0 2.4244874823206125e-05
9180.0 2.3889704213639053e-05
9190.0 2.353621403226185e-05
9200.0 2.1400970258589535e-05
9210.0 2.1077802241455797e-05
9220.0 2.0756192302051662e-05
9230.0 2.043621607481691e-05
9240.0 2.0117855676033597e-05
9250.0 1.980115442181871e-05
9260.0 1.94860655469422e-05
9270.0 1.9172661936395293e-05
9280.0 1.8860927081184325e-05
9290.0 1.855087438487097e-05
9300.0 1.8242545445166853e-05
9310.0 1.7935869083183684e-05
9320.0 1.7630970791720932e-05
9330.0 1.7327780422933494e-05
9340.0 1.7026366050277667e-05
9350.0 1.672668709478261e-05
9360.0 1.642881025518034e-05
9370.0 1.6132696327224306e-05
9380.0 1.5838436079623664e-05
9390.0 1.5545965550792577e-05
9400.0 1.5255299175335898e-05
9410.0 1.3719304070739496e-05
9420.0 1.3456272593435373e-05
9430.0 1.3194928773925943e-05
9440.0 1.2935356163617947e-05
9450.0 1.2677518995075515e-05
9460.0 1.2421406945564203e-05
9470.0 1.2167055770217497e-05
9480.0 1.1914499849444604e-05
9490.0 1.1663707196301397e-05
9500.0 1.14147551759354e-05
9510.0 1.1167591168235997e-05
9520.0 1.0922207943598372e-05
9530.0 1.0706262348598838e-05
9540.0 1.0503558968523717e-05
9550.0 1.0302236980172608e-05
9560.0 9.183965063453133e-06
9570.0 9.00351263832997e-06
9580.0 8.824378385940889e-06
9590.0 8.646551645856937e-06
9600.0 8.470041292680193e-06
9610.0 8.294874391407067e-06
9620.0 8.121041088390622e-06
9630.0 7.948514953153584e-06
9640.0 7.777376008311379e-06
9650.0 7.6075801708470665e-06
9660.0 6.695228463657555e-06
9670.0 6.5448973043545224e-06
9680.0 6.395796475211325e-06
9690.0 6.247966928781361e-06
9700.0 6.101384386006037e-06
9710.0 5.956057721487426e-06
9720.0 5.812041506408559e-06
9730.0 5.669297305226536e-06
9740.0 5.527863381221392e-06
9750.0 5.387703719196248e-06
9760.0 5.248884626472426e-06
9770.0 5.111357007078076e-06
9780.0 4.42237760261654e-06
9790.0 4.3025022547390166e-06
9800.0 4.183820469574756e-06
9810.0 4.066326696314189e-06
9820.0 3.9500540886179715e-06
9830.0 3.835009100742158e-06
9840.0 3.721162171745921e-06
9850.0 3.6085573846462066e-06
9860.0 3.497189726488109e-06
9870.0 3.38705526002607e-06
9880.0 3.27817298243644e-06
9890.0 3.1705608151862228e-06
9900.0 3.0641940380266345e-06
9910.0 2.9591118932825787e-06
9920.0 2.4983921820442997e-06
9930.0 2.4086879606085926e-06
9940.0 2.3201073807789155e-06
9950.0 2.232666750458263e-06
9960.0 2.1463725239026892e-06
9970.0 2.061231155368244e-06
9980.0 1.9772408590280524e-06
9990.0 1.8944248382313587e-06
10000.0 1.8127733359956938e-06
