dorado/sensitivity/data/nuv_d_threshold_effective_area.ecsv
# %ECSV 0.9
# ---
# datatype:
# - {name: wavelength, unit: Angstrom, datatype: float64}
# - {name: effective_area, unit: cm2, datatype: float64}
# meta: !!omap
# - {comment: Dorado effective area (threshold mission)}
# schema: astropy-2.0
wavelength effective_area
1500.0 8.433451642780614e-05
1510.0 0.0002725672305548646
1520.0 0.0005843427124046447
1530.0 0.0010993644284431193
1540.0 0.0019504340639267112
1550.0 0.003356818689742125
1560.0 0.0056702750396371
1570.0 0.00948778921412594
1580.0 0.0157737829480754
1590.0 0.02611239985236111
1600.0 0.04301688068653331
1610.0 0.06923586959587166
1620.0 0.10995001696824085
1630.0 0.17128229886577195
1640.0 0.2595526186750335
1650.0 0.3786829752254853
1660.0 0.5259934177356529
1670.0 0.6895964946893822
1680.0 0.8512949891681896
1690.0 0.9966804876628335
1700.0 1.1222020308962604
1710.0 1.2113013438745455
1720.0 1.3034128200528055
1730.0 1.4040515565807907
1740.0 1.5234000603463262
1750.0 1.6703183315452976
1760.0 1.8531799355359446
1770.0 2.0805385292199703
1780.0 2.360662658997411
1790.0 2.7021797342891287
1800.0 3.1142603673247464
1810.0 3.6017192624412977
1820.0 4.171845670950437
1830.0 4.829188728357226
1840.0 5.575903612782026
1850.0 6.412928319534572
1860.0 7.335337761919703
1870.0 8.34157269133415
1880.0 9.432712701423515
1890.0 10.608158605385487
1900.0 11.851147910132333
1910.0 12.920878464889741
1920.0 13.83971639835554
1930.0 14.7285677084751
1940.0 15.702442301834616
1950.0 16.825372178990804
1960.0 17.859912982286215
1970.0 18.769195587112446
1980.0 19.504813314323012
1990.0 20.02185167127059
2000.0 20.306895067225046
2010.0 20.345927777058545
2020.0 20.15984416285685
2030.0 19.77647224696139
2040.0 19.04520787115314
2050.0 18.185185046123603
2060.0 17.255924409968287
2070.0 16.304655617376532
2080.0 15.357027963258709
2090.0 14.406566554517525
2100.0 13.482683525914238
2110.0 12.57995162566708
2120.0 11.711333979967787
2130.0 10.980379579017852
2140.0 10.420892243000788
2150.0 9.857919913252093
2160.0 9.287695156668585
2170.0 8.672476391893378
2180.0 8.070297271509634
2190.0 7.495047672125415
2200.0 6.947905000259944
2210.0 6.420868513232174
2220.0 5.933197040887018
2230.0 5.497985293820703
2240.0 5.104661995112207
2250.0 4.739060419199496
2260.0 4.3893012859499825
2270.0 4.06696277530099
2280.0 3.768133867623862
2290.0 3.4977862787913914
2300.0 3.2448678049841893
2310.0 3.0049515052759936
2320.0 2.767666608536597
2330.0 2.530268744842849
2340.0 2.293639059678512
2350.0 2.0570196486257055
2360.0 1.824127799196482
2370.0 1.6097000091938434
2380.0 1.408626236890619
2390.0 1.2014931367731692
2400.0 1.016550923147197
2410.0 0.8547602477258311
2420.0 0.714144195015427
2430.0 0.5943244875948412
2440.0 0.49406100978837075
2450.0 0.40941688579946295
2460.0 0.3394807922981926
2470.0 0.2817842856734473
2480.0 0.2340336536918086
2490.0 0.19447276073898606
2500.0 0.16199536486970395
2510.0 0.13515246449321214
2520.0 0.113331445056113
2530.0 0.09531319383359715
2540.0 0.0807007903460038
2550.0 0.06839539640742162
2560.0 0.058271599193493506
2570.0 0.049822281985514826
2580.0 0.042780132090109356
2590.0 0.03687173633529011
2600.0 0.03190357918002895
2610.0 0.027380015768047727
2620.0 0.023442467731133662
2630.0 0.020145786506588013
2640.0 0.017362653157259093
2650.0 0.015010220104621382
2660.0 0.013040309295528393
2670.0 0.011363958951409998
2680.0 0.009947825367591626
2690.0 0.008741645138030244
2700.0 0.007743351568912058
2710.0 0.007002855558556869
2720.0 0.006363899449248951
2730.0 0.005809210146625258
2740.0 0.005329624779765517
2750.0 0.004906324683430994
2760.0 0.004532360220927644
2770.0 0.004199523599581967
2780.0 0.003906026967603143
2790.0 0.0036413493285009967
2800.0 0.003412147926429941
2810.0 0.0032085931374342147
2820.0 0.0030236248114555485
2830.0 0.0028536459167517567
2840.0 0.0026938861954191222
2850.0 0.0025518362044591623
2860.0 0.0024220308492445743
2870.0 0.0023055410352385204
2880.0 0.002209322145957119
2890.0 0.0021145632066913137
2900.0 0.0020329605170865406
2910.0 0.0019621967105741527
2920.0 0.0018904616010239632
2930.0 0.001825935303217716
2940.0 0.001765892520042947
2950.0 0.001700849897521007
2960.0 0.0016417922559425547
2970.0 0.0015802154435360382
2980.0 0.001516986234456247
2990.0 0.0014569525004795708
3000.0 0.001397483974721011
3010.0 0.0013391868297154873
3020.0 0.001274036596096162
3030.0 0.0012139733671382045
3040.0 0.0011507781869186694
3050.0 0.0010981409067095053
3060.0 0.0010426445602973074
3070.0 0.0009851405230698635
3080.0 0.0009391131485787144
3090.0 0.0008915769031454126
3100.0 0.0008494070714322189
3110.0 0.0008063168082316466
3120.0 0.000768881913006865
3130.0 0.0007306272733636004
3140.0 0.0006917600347244151
3150.0 0.0006590559924940688
3160.0 0.0006258532183661585
3170.0 0.0005989643754414552
3180.0 0.00057182818044023
3190.0 0.0005377665154201754
3200.0 0.0005101866753522125
3210.0 0.0004889227853092364
3220.0 0.00046071902855702264
3230.0 0.00043911879469834164
3240.0 0.0004175114788854933
3250.0 0.00039595793608418304
3260.0 0.00037447628088399895
3270.0 0.00035952161566072364
3280.0 0.0003446308910707694
3290.0 0.0003297709129785123
3300.0 0.00031499809523566374
3310.0 0.0003003077835236594
3320.0 0.0002857487831495658
3330.0 0.00027133132376257484
3340.0 0.00025702297075773687
3350.0 0.0002489323137968955
3360.0 0.00023486719142885366
3370.0 0.000226952571438971
3380.0 0.0002191032469792294
3390.0 0.00021134010891330797
3400.0 0.00020348898979352913
3410.0 0.0001897732888592089
3420.0 0.00018198421772860205
3430.0 0.00017429782560405633
3440.0 0.00016671873721989076
3450.0 0.00016473743981792362
3460.0 0.00015732058263950976
3470.0 0.0001500076936421993
3480.0 0.00014282966792075277
3490.0 0.00013573636954127553
3500.0 0.00012817556143948517
3510.0 0.00012063009149438514
3520.0 0.00011330569186742903
3530.0 0.0001061235338406972
3540.0 9.916058697791183e-05
3550.0 9.700248578386863e-05
3560.0 9.035123412047366e-05
3570.0 8.830223871053399e-05
3580.0 8.195239261461048e-05
3590.0 8.034038664203529e-05
3600.0 7.523753944513597e-05
3610.0 7.443596666248389e-05
3620.0 6.958118079634737e-05
3630.0 6.895490198777953e-05
3640.0 6.438773727990395e-05
3650.0 6.393405525494206e-05
3660.0 5.964470834453474e-05
3670.0 5.9369826630918e-05
3680.0 5.925352029979695e-05
3690.0 5.517031302081348e-05
3700.0 5.518652718433781e-05
3710.0 5.51810271359927e-05
3720.0 5.132357114958237e-05
3730.0 5.1418765783607975e-05
3740.0 5.155612093405407e-05
3750.0 5.172430744038013e-05
3760.0 4.7909707100693026e-05
3770.0 4.810630058472502e-05
3780.0 4.83501814164374e-05
3790.0 4.4648956776037456e-05
3800.0 4.4980945706099605e-05
3810.0 4.5305256656226065e-05
3820.0 4.5630318438783794e-05
3830.0 4.1781744497855575e-05
3840.0 4.2084514430489796e-05
3850.0 4.2393538765161125e-05
3860.0 4.2667573054150394e-05
3870.0 4.29475501007047e-05
3880.0 3.8905677214905594e-05
3890.0 3.915953125760156e-05
3900.0 3.9416526172026194e-05
3910.0 3.96566229119676e-05
3920.0 3.990202592562819e-05
3930.0 3.568316713777764e-05
3940.0 3.5897044342265996e-05
3950.0 3.6113993516134696e-05
3960.0 3.6322633564088944e-05
3970.0 3.653569293703104e-05
3980.0 3.674300860382778e-05
3990.0 3.6947804203101394e-05
4000.0 3.2512233860475516e-05
4010.0 3.259337043796631e-05
4020.0 3.267775758879494e-05
4030.0 3.27576975259348e-05
4040.0 3.2832999019930813e-05
4050.0 3.2911372235953755e-05
4060.0 3.2993706560468784e-05
4070.0 3.307939934973314e-05
4080.0 3.316537813227733e-05
4090.0 2.8494402482739166e-05
4100.0 2.8563914570015763e-05
4110.0 2.863218490637457e-05
4120.0 2.8699297438620386e-05
4130.0 2.876870385040651e-05
4140.0 2.8836596987582107e-05
4150.0 2.8905014159865007e-05
4160.0 2.897573525624781e-05
4170.0 2.9044940034214147e-05
4180.0 2.426317796379493e-05
4190.0 2.4323545144966346e-05
4200.0 2.4381753693041157e-05
4210.0 2.444173072734522e-05
4220.0 2.4502139124374778e-05
4230.0 2.456118753013491e-05
4240.0 2.4621832165726204e-05
4250.0 2.4683629048137443e-05
4260.0 2.4746132165153448e-05
4270.0 2.481024399160496e-05
4280.0 2.487335576153326e-05
4290.0 2.4935373585034193e-05
4300.0 2.4998913330280295e-05
4310.0 2.0050605076241183e-05
4320.0 2.0102977568923395e-05
4330.0 2.0156323457114617e-05
4340.0 2.0208830891859948e-05
4350.0 2.026013344496049e-05
4360.0 2.031259149160732e-05
4370.0 2.036593553731163e-05
4380.0 2.0420350622456444e-05
4390.0 2.0475840095228286e-05
4400.0 2.053167647661986e-05
4410.0 2.05870375860381e-05
4420.0 2.064338649831344e-05
4430.0 2.070017631057288e-05
4440.0 2.0755206018578316e-05
4450.0 2.081131721642463e-05
4460.0 2.0868329327977517e-05
4470.0 2.0926429219903542e-05
4480.0 2.0985435910227622e-05
4490.0 2.104535213837509e-05
4500.0 1.582864252681549e-05
4510.0 1.5870110337245544e-05
4520.0 1.590393559644262e-05
4530.0 1.5937688043740648e-05
4540.0 1.597136758256531e-05
4550.0 1.6005622158468187e-05
4560.0 1.6040267131619283e-05
4570.0 1.6074376470021426e-05
4580.0 1.610906168247937e-05
4590.0 1.6144230642226787e-05
4600.0 1.61787709712899e-05
4610.0 1.6213609699600694e-05
4620.0 1.6249025525242208e-05
4630.0 1.6284926192682345e-05
4640.0 1.6321219317623214e-05
4650.0 1.6358091085084192e-05
4660.0 1.6395449142958842e-05
4670.0 1.6432085445448048e-05
4680.0 1.6469115171181353e-05
4690.0 1.6506724762709694e-05
4700.0 1.6544635618524363e-05
4710.0 1.6582848028348358e-05
4720.0 1.6621548531306977e-05
4730.0 1.6660644453379313e-05
4740.0 1.6699390668190506e-05
4750.0 1.6738346117096038e-05
4760.0 1.677779075364533e-05
4770.0 1.1211723421481681e-05
4780.0 1.1237615427293663e-05
4790.0 1.1263709327550412e-05
4800.0 1.1290192079866005e-05
4810.0 1.1317064070537775e-05
4820.0 1.1344512579094257e-05
4830.0 1.137225774856036e-05
4840.0 1.1400299868659097e-05
4850.0 1.1427797340404148e-05
4860.0 1.145512388587498e-05
4870.0 1.1482747349786997e-05
4880.0 1.1510668021863212e-05
4890.0 1.1538417832048099e-05
4900.0 1.1566371403781587e-05
4910.0 1.159462266655096e-05
4920.0 1.1623078141549175e-05
4930.0 1.1651456619760438e-05
4940.0 1.1680133336262155e-05
4950.0 1.1709014715672954e-05
4960.0 1.1738007053845679e-05
4970.0 1.1766359011456504e-05
4980.0 1.1794915567593514e-05
4990.0 1.182134123417501e-05
5000.0 1.184624449132808e-05
5010.0 1.187124172303645e-05
5020.0 1.18965208784107e-05
5030.0 1.1921894008340246e-05
5040.0 1.1947549061935672e-05
5050.0 1.1972640268199338e-05
5060.0 1.1997919423573583e-05
5070.0 1.2023386528058424e-05
5080.0 1.204894760709856e-05
5090.0 1.2075166508025753e-05
5100.0 1.210157335806354e-05
5110.0 1.2128168157211915e-05
5120.0 1.2154950905470878e-05
5130.0 1.2181075831842783e-05
5140.0 1.22069188345488e-05
5150.0 1.2232855811810115e-05
5160.0 1.2258980738182013e-05
5170.0 1.228519963910921e-05
5180.0 1.2311512514591703e-05
5190.0 1.2338013339184779e-05
5200.0 1.2364608138333159e-05
5210.0 1.2391296912036826e-05
5220.0 1.2417703762074614e-05
5230.0 1.244420458666769e-05
5240.0 1.2470893360371362e-05
5250.0 6.248828656859633e-06
5260.0 6.262351595366529e-06
5270.0 6.275987303339775e-06
5280.0 6.289688793501731e-06
5290.0 6.303437270941332e-06
5300.0 6.317213940747521e-06
5310.0 6.330699289432299e-06
5320.0 6.344231625394723e-06
5330.0 6.357801551179264e-06
5340.0 6.371418464241454e-06
5350.0 6.38474405618223e-06
5360.0 6.397881699012417e-06
5370.0 6.41105693166472e-06
5380.0 6.424269754139144e-06
5390.0 6.437510768980154e-06
5400.0 6.451108887131285e-06
5410.0 6.4647727874711206e-06
5420.0 6.478483675088604e-06
5430.0 6.492222755072676e-06
5440.0 6.505952437601217e-06
5450.0 6.519494171019172e-06
5460.0 6.533064096803714e-06
5470.0 6.546662214954844e-06
5480.0 6.5602979229280936e-06
5490.0 6.574102785100872e-06
5500.0 6.5881707760284744e-06
5510.0 6.6022575618671356e-06
5520.0 6.616372540072387e-06
5530.0 6.6304969157331665e-06
5540.0 6.644160816073003e-06
5550.0 6.6573924334584845e-06
5560.0 6.670633448299496e-06
5570.0 6.6838744631405065e-06
5580.0 6.697134272892574e-06
5590.0 6.7105914292107646e-06
5600.0 6.724292919372719e-06
5610.0 6.737994409534673e-06
5620.0 6.751705297152157e-06
5630.0 6.765406787314109e-06
5640.0 6.779033097831829e-06
5650.0 6.792537241427666e-06
5660.0 6.80605078247903e-06
5670.0 6.819564323530395e-06
5680.0 6.83308726203729e-06
5690.0 6.8465820081775955e-06
5700.0 6.860001574673665e-06
5710.0 6.873421141169737e-06
5720.0 6.886840707665808e-06
5730.0 6.900250876706348e-06
5740.0 6.91365164829136e-06
5750.0 6.92709940715402e-06
5760.0 6.940537768561148e-06
5770.0 6.953966732512749e-06
5780.0 6.96736750409776e-06
5790.0 6.9807588782272406e-06
5800.0 6.993971700701663e-06
5810.0 7.007071753709733e-06
5820.0 7.020143614351212e-06
5830.0 7.033206077537163e-06
5840.0 7.0462403483565244e-06
5850.0 7.05927461917589e-06
5860.0 7.072337082361839e-06
5870.0 7.085371353181202e-06
5880.0 7.098415021456095e-06
5890.0 7.111430497364396e-06
5900.0 7.1244271783616425e-06
5910.0 7.137376872081239e-06
5920.0 7.15028897597872e-06
5930.0 7.163154092598552e-06
5940.0 7.176000414307324e-06
5950.0 7.18880914619398e-06
5960.0 7.201580288258518e-06
5970.0 7.214276250678821e-06
5980.0 7.226934623277004e-06
5990.0 7.239574200964129e-06
6000.0 7.2521667913736086e-06
6010.0 7.264712394505439e-06
6020.0 7.277220407815152e-06
6030.0 7.2896156516585094e-06
6040.0 7.306526518572208e-06
6050.0 7.32392920547859e-06
6060.0 7.341339516272067e-06
6070.0 7.358729163270162e-06
6080.0 7.376135785573957e-06
6090.0 7.3935688188950165e-06
6100.0 7.4109905139030045e-06
6110.0 7.428391363561535e-06
6120.0 7.445761834897942e-06
6130.0 7.463130215594696e-06
6140.0 7.480411253559928e-06
6150.0 7.497453140963042e-06
6160.0 7.514435493495632e-06
6170.0 7.531358155539936e-06
6180.0 7.548192489273467e-06
6190.0 7.564966782378711e-06
6200.0 7.58170940034703e-06
6210.0 7.598933976021818e-06
6220.0 7.616127382317453e-06
6230.0 7.633318101438629e-06
6240.0 7.650487028535547e-06
6250.0 7.667634085799325e-06
6260.0 7.684759195421073e-06
6270.0 7.700993008926205e-06
6280.0 7.71680206489325e-06
6290.0 7.732405472560053e-06
6300.0 7.747754925139908e-06
6310.0 7.762811564525828e-06
6320.0 7.777526844020365e-06
6330.0 7.792561845615889e-06
6340.0 7.808425875894534e-06
6350.0 7.824227388628624e-06
6360.0 7.839927785074129e-06
6370.0 7.855555683601301e-06
6380.0 7.871082037891008e-06
6390.0 7.886516244750369e-06
6400.0 7.901848453487085e-06
6410.0 7.917068787472557e-06
6420.0 7.93218664351391e-06
6430.0 7.947192132014397e-06
6440.0 7.962085000095132e-06
6450.0 7.97686499487723e-06
6460.0 7.991493160992593e-06
6470.0 8.00591107511518e-06
6480.0 8.0201957985675e-06
6490.0 8.034337344491694e-06
6500.0 8.048345103210818e-06
6510.0 8.058546277505453e-06
6520.0 8.060118228113313e-06
6530.0 8.062325370276908e-06
6540.0 8.065669402691523e-06
6550.0 8.068948196640834e-06
6560.0 8.072171536800418e-06
6570.0 8.075329865318154e-06
6580.0 8.078413656745277e-06
6590.0 8.081442334617857e-06
6600.0 8.08333735106411e-06
6610.0 8.084024543905032e-06
6620.0 8.084516455240582e-06
6630.0 8.08480394036137e-06
6640.0 8.084897083673973e-06
6650.0 8.084786756670684e-06
6660.0 8.084454281092504e-06
6670.0 8.083919339702322e-06
6680.0 8.08317285259745e-06
6690.0 8.082205772278555e-06
6700.0 8.080999533898372e-06
6710.0 8.079564262367667e-06
6720.0 8.07787191599544e-06
6730.0 8.07591360119827e-06
6740.0 8.073699491491956e-06
6750.0 8.071211200247666e-06
6760.0 8.06845890908203e-06
6770.0 8.06542428807208e-06
6780.0 8.062098557046137e-06
6790.0 8.05849192192334e-06
6800.0 8.054586149990779e-06
6810.0 8.050363073342246e-06
6820.0 8.050218925631142e-06
6830.0 8.051073765045217e-06
6840.0 8.051868121185799e-06
6850.0 8.052583259088029e-06
6860.0 8.053257029421004e-06
6870.0 8.053851856944116e-06
6880.0 8.054377315711152e-06
6890.0 8.054852343207925e-06
6900.0 8.05523948570639e-06
6910.0 8.055567076527713e-06
6920.0 8.055825865651614e-06
6930.0 8.056025362325186e-06
6940.0 8.056165688061e-06
6950.0 8.056218922680606e-06
6960.0 8.056231956251612e-06
6970.0 8.053424215141124e-06
6980.0 8.047625878777105e-06
6990.0 8.041527394135133e-06
7000.0 8.03511092544334e-06
7010.0 8.028386597612503e-06
7020.0 8.016917114295247e-06
7030.0 8.000704009320168e-06
7040.0 7.984141025864093e-06
7050.0 7.967313326247946e-06
7060.0 7.95020407974747e-06
7070.0 7.932723051519787e-06
7080.0 7.914872494547582e-06
7090.0 7.896654661813558e-06
7100.0 7.878035250776551e-06
