dorado/sensitivity/data/nuv_d_baseline_effective_area.ecsv
# %ECSV 0.9
# ---
# datatype:
# - {name: wavelength, unit: Angstrom, datatype: float64}
# - {name: effective_area, unit: cm2, datatype: float64}
# meta: !!omap
# - {comment: Dorado effective area (baseline mission)}
# schema: astropy-2.0
wavelength effective_area
[from data line 565]
7150.0 0.0005932484107276656
7160.0 0.0005951539728688954
7170.0 0.0005970466302133035
7180.0 0.0005989263896918637
7190.0 0.000650859240429086
7200.0 0.0006528673152017148
7210.0 0.0006548677274255854
7220.0 0.00065684687096277
7230.0 0.0006588115622699137
7240.0 0.0006607616936651794
7250.0 0.0006626972437312725
7260.0 0.0006646181504596935
7270.0 0.0006665243110292646
7280.0 0.0006684156670243353
7290.0 0.000670292204471417
7300.0 0.0006721537395473496
7310.0 0.000674007391707096
7320.0 0.000675838996148759
7330.0 0.0006776554429186214
7340.0 0.0006794568573128927
7350.0 0.0007336463286928575
7360.0 0.0007355535552715263
7370.0 0.000737444356466117
7380.0 0.0007393186885677625
7390.0 0.0007411765092098893
7400.0 0.000743017731122845
7410.0 0.0007448413190045644
7420.0 0.0007466482761201543
7430.0 0.0007484386634522309
7440.0 0.0008037988988622173
7450.0 0.0007519693635404472
7460.0 0.0007537096649042733
7470.0 0.0007554332795054253
7480.0 0.0007571401825099402
7490.0 0.0007588303514673702
7500.0 0.0007605038139501648
7510.0 0.0007621604541137448
7520.0 0.0008183575718498102
7530.0 0.0008200967028260309
7540.0 0.0008218179172679587
7550.0 0.0008235212035035952
7560.0 0.0008251986026633544
7570.0 0.0008268659886206205
7580.0 0.0008285155269340921
7590.0 0.0008301471604996355
7600.0 0.000887211613089896
7610.0 0.0008889134813171675
7620.0 0.0008905963050096875
7630.0 0.0008922601441691428
7640.0 0.0008939050045582591
7650.0 0.0008395602664462615
7660.0 0.0008410668682014757
7670.0 0.000842548086583078
7680.0 0.0009002872734302969
7690.0 0.0009018378389761189
7700.0 0.000903369615916164
7710.0 0.0009048826813178943
7720.0 0.0009063770561347029
7730.0 0.0009078528789987602
7740.0 0.0009093020203673604
7750.0 0.0009676621056347469
7760.0 0.0009691710667580553
7770.0 0.0009706605582120438
7780.0 0.0010293146379490694
7790.0 0.001030850498053792
7800.0 0.001032357067114307
7810.0 0.0010338515670659507
7820.0 0.0010353256534778065
7830.0 0.0010367795041812064
7840.0 0.0010958916070437075
7850.0 0.001097374531612133
7860.0 0.0011566793413954446
7870.0 0.0011002951423714667
7880.0 0.0011597094359592586
7890.0 0.0011611818911573682
7900.0 0.0011626419993313536
7910.0 0.0012222842690452326
7920.0 0.0012237716452630411
7930.0 0.0012835808888243183
7940.0 0.0012850815430422114
7950.0 0.0013450492243474387
7960.0 0.0012880325509887981
7970.0 0.001348085469463097
7980.0 0.0013495568277506567
7990.0 0.001409754201734736
8000.0 0.0013524480667610947
8010.0 0.001412709626619599
8020.0 0.0014730779440289745
8030.0 0.001415575482024172
8040.0 0.0014760120969306983
8050.0 0.0015365275052708137
8060.0 0.001537987487280475
8070.0 0.0015394214615447003
8080.0 0.0016000806712672894
8090.0 0.0016015160661063093
8100.0 0.001662292648573614
8110.0 0.001723133050750533
8120.0 0.0016651211761185526
8130.0 0.0017260185034262032
8140.0 0.0017869855298800412
8150.0 0.0018480073660773054
8160.0 0.001849445953634409
8170.0 0.0018508553670521346
8180.0 0.001911972971513203
8190.0 0.0018535757416681192
8200.0 0.0019147221029218913
8210.0 0.0019160581756131737
8220.0 0.0019173654018798955
8230.0 0.0019186315832598526
8240.0 0.0019798777252267113
8250.0 0.001981137091490902
8260.0 0.0019823553252604166
8270.0 0.0019835570811588643
8280.0 0.002044873228999418
8290.0 0.0021062179865062995
8300.0 0.002047190456953499
8310.0 0.0021085439841172136
8320.0 0.0021096688748874406
8330.0 0.0021710721295690075
8340.0 0.0022324948020868117
8350.0 0.002173224873920409
8360.0 0.002234647078376167
8370.0 0.002235684594512918
8380.0 0.0022971434538856476
8390.0 0.0022981359894290528
8400.0 0.0023596139859235576
8410.0 0.0023605712544595902
8420.0 0.002361510838198231
8430.0 0.0024229953534973857
8440.0 0.0024238856025882763
8450.0 0.0024853768832173335
8460.0 0.0024862282784071954
8470.0 0.0025477217702042556
8480.0 0.0025485323381172764
8490.0 0.0026100230051188792
8500.0 0.0026108035612196255
8510.0 0.0026115409430080895
8520.0 0.002612260541352692
8530.0 0.0026129379024561385
8540.0 0.0026743789458234233
8550.0 0.00267501190583325
8560.0 0.0027364366340986977
8570.0 0.0027370232418742558
8580.0 0.0027984273705165294
8590.0 0.002859813720479799
8600.0 0.0028603461930497114
8610.0 0.002860836295495485
8620.0 0.0029221873160894464
8630.0 0.002922638731672033
8640.0 0.0029230486746777353
8650.0 0.0029843454097849198
8660.0 0.0029847038777779905
8670.0 0.002985043730911306
8680.0 0.003046268646848813
8690.0 0.003107486986707265
8700.0 0.003107738764918405
8710.0 0.0031079721200868993
8720.0 0.0031081652538769355
8730.0 0.0032302358430083464
8740.0 0.003230376808669385
8750.0 0.003230499222537784
8760.0 0.003230581859552689
8770.0 0.0032916019389918135
8780.0 0.0032916279436831647
8790.0 0.0032916258905104595
8800.0 0.003352560786114684
8810.0 0.0033525004824783503
8820.0 0.0033524217669672774
8830.0 0.0034132565943847154
8840.0 0.003413119986726843
8850.0 0.0034738917844236716
8860.0 0.003534638419481057
8870.0 0.003473464569906118
8880.0 0.0034732143562139356
8890.0 0.003472928630391648
8900.0 0.003472624946928356
8910.0 0.0034113695484336874
8920.0 0.003411012007869239
8930.0 0.0034106372732459925
8940.0 0.0033493330915569225
8950.0 0.0034098060909375956
8960.0 0.0033484690522564554
8970.0 0.0033480051838659414
8980.0 0.0033475115658192353
8990.0 0.0033469949751957703
9000.0 0.0032856176255955123
9010.0 0.0033459015793017056
9020.0 0.0032845007047827522
9030.0 0.0032230942255303346
9040.0 0.00328329848962996
9050.0 0.0032218735675841152
9060.0 0.0032212306415551318
9070.0 0.003220572983944931
9080.0 0.0032198910442739004
9090.0 0.0031584546772090156
9100.0 0.0031577483687090647
9110.0 0.0031570238586966465
9120.0 0.0030955873547021152
9130.0 0.0030948416943630316
9140.0 0.0030940825166429153
9150.0 0.003032649992126641
9160.0 0.0030318692654858286
9170.0 0.0030310755102148875
9180.0 0.002969657545736113
9190.0 0.002908259786903114
9200.0 0.0028468781561202154
9210.0 0.00284607090814765
9220.0 0.002845251825064326
9230.0 0.0027838972774727948
9240.0 0.002783068440344265
9250.0 0.002782224886581638
9260.0 0.002720904027584033
9270.0 0.0026596093707681955
9280.0 0.002658766044447709
9290.0 0.0025975042968971423
9300.0 0.0025966581376503832
9310.0 0.002595800419616445
9320.0 0.00253458423764987
9330.0 0.00253372551888825
9340.0 0.00247255023773484
9350.0 0.0024114063946001504
9360.0 0.0024105593224377614
9370.0 0.0023494603539007566
9380.0 0.002348615990607951
9390.0 0.0023477631491386165
9400.0 0.002286724867982859
9410.0 0.0022257218858818635
9420.0 0.0021647567095789775
9430.0 0.002103829118645748
9440.0 0.0021030255579349137
9450.0 0.002102215765340165
9460.0 0.0020413591098652484
9470.0 0.0019805415071024314
9480.0 0.001919766084296732
9490.0 0.0018590322532768778
9500.0 0.0017983393359919568
9510.0 0.0018575315193145
9520.0 0.0017968777750903787
9530.0 0.0017362661606339807
9540.0 0.0016757007727396709
9550.0 0.001615180418961769
9560.0 0.0016145004485564405
9570.0 0.0016138177792979502
9580.0 0.0015533853948051133
9590.0 0.001492998277346703
9600.0 0.0014326605482969793
9610.0 0.001432039370587199
9620.0 0.001371770625198986
9630.0 0.0013711686916041616
9640.0 0.0013705637048740862
9650.0 0.001310390390371948
9660.0 0.001250269247887875
9670.0 0.0011901987487889327
9680.0 0.0011896623144969905
9690.0 0.0011296654372221044
9700.0 0.0010697221647682198
9710.0 0.001128634910811553
9720.0 0.001068739859444932
9730.0 0.0010682465821575456
9740.0 0.0010084318952051211
9750.0 0.001007960485004991
9760.0 0.0009482252003328805
9770.0 0.0009477801589487316
9780.0 0.0008881252217321673
9790.0 0.0008877031862065712
9800.0 0.0008281296635308394
9810.0 0.000827735161832841
9820.0 0.0007682419470300814
9830.0 0.0007678734655367372
9840.0 0.0007084651222585751
9850.0 0.0007081230877227708
9860.0 0.0006487967683097057
9870.0 0.0006484815439767652
9880.0 0.0005892413780732629
9890.0 0.0005889534620583877
9900.0 0.0005886632529126449
9910.0 0.0005295365604248228
9920.0 0.0005292757069918723
9930.0 0.00047023356536137086
9940.0 0.00047000071489741106
9950.0 0.0004110465311458842
9960.0 0.000410842009022949
9970.0 0.00035197366480198457
9980.0 0.0003517978073073236
9990.0 0.0003516216293082393
10000.0 0.00029287101697438825
