dorado/sensitivity/data/nuv_d_baseline_effective_area.ecsv
# %ECSV 0.9
# ---
# datatype:
# - {name: wavelength, unit: Angstrom, datatype: float64}
# - {name: effective_area, unit: cm2, datatype: float64}
# meta: !!omap
# - {comment: Dorado effective area (baseline mission)}
# schema: astropy-2.0
wavelength effective_area
1500.0 0.002245437224751122
1510.0 0.0027227368945662834
1520.0 0.003327489005611252
1530.0 0.004074181871018316
1540.0 0.005102802669852239
1550.0 0.006262738408511698
1560.0 0.007743678641420633
1570.0 0.009595258386070588
1580.0 0.011744147683819667
1590.0 0.014488479980097497
1600.0 0.017745463284027523
1610.0 0.022025443729236358
1620.0 0.02698459688369188
1630.0 0.03297842813043538
1640.0 0.0403503721476697
1650.0 0.04967175797013617
1660.0 0.061612964186222405
1670.0 0.07703657559345833
1680.0 0.09719212487154595
1690.0 0.12396840014068815
1700.0 0.15979327921564979
1710.0 0.20811266995953773
1720.0 0.27482635746078016
1730.0 0.3665023612144665
1740.0 0.49373741203992655
1750.0 0.671430499718153
1760.0 0.9221101010445947
1770.0 1.279267544322655
1780.0 1.7877880149865975
1790.0 2.506995456454627
1800.0 3.5278227683601298
1810.0 4.964140220710028
1820.0 6.937396191543903
1830.0 9.58114328815903
1840.0 12.987474160353319
1850.0 17.137958897354316
1860.0 21.805323692896604
1870.0 26.647982260365712
1880.0 31.27195431711229
1890.0 35.32565790103552
1900.0 38.54083826913896
1910.0 41.05736396477988
1920.0 42.95671457966573
1930.0 44.26268476864483
1940.0 45.14921120390387
1950.0 45.66817926959706
1960.0 45.78135198559399
1970.0 45.54606195349421
1980.0 44.95198605162048
1990.0 43.99776101179003
2000.0 42.75370778264792
2010.0 41.259754212589854
2020.0 39.58856348902596
2030.0 37.82186648191254
2040.0 36.00411513116162
2050.0 34.195548552032726
2060.0 32.46367353764184
2070.0 30.85911997057799
2080.0 29.401883327233843
2090.0 28.088286808787657
2100.0 26.950055842125515
2110.0 25.955762527417566
2120.0 25.11515827383904
2130.0 24.39446691928877
2140.0 23.789865548224913
2150.0 23.286109732878487
2160.0 22.86672459798736
2170.0 22.454501895971738
2180.0 22.038834517992072
2190.0 21.627415568146162
2200.0 21.13891912291138
2210.0 20.504417727183206
2220.0 19.707771182961707
2230.0 18.683744601878253
2240.0 17.447620390706742
2250.0 16.013871738749163
2260.0 14.426120481550292
2270.0 12.763676751001036
2280.0 11.128909958226156
2290.0 9.601236026633112
2300.0 8.197292979284079
2310.0 6.9531681898886815
2320.0 5.870757679866769
2330.0 4.936660062799451
2340.0 4.138603706003996
2350.0 3.4626980073245397
2360.0 2.8881636825573773
2370.0 2.4075421311709215
2380.0 2.002964078726246
2390.0 1.6640512382101567
2400.0 1.382541571141273
2410.0 1.1519209988274823
2420.0 0.9602648309396778
2430.0 0.8010420880914675
2440.0 0.6706038215749611
2450.0 0.5611636552441162
2460.0 0.4716090023725684
2470.0 0.3974082254622299
2480.0 0.3355557601650127
2490.0 0.2846673211768881
2500.0 0.24237185164297395
2510.0 0.20608774537384966
2520.0 0.17592130400257144
2530.0 0.15048597943618341
2540.0 0.12961658405758886
2550.0 0.11217328565077152
2560.0 0.09761025048211396
2570.0 0.08550154022604321
2580.0 0.07525366649079208
2590.0 0.0661177086651049
2600.0 0.058294282323360945
2610.0 0.051704791430057906
2620.0 0.04606105848998571
2630.0 0.04100356089129991
2640.0 0.036606905377652585
2650.0 0.03287321787172769
2660.0 0.029652172824959907
2670.0 0.026945532050851276
2680.0 0.024643656759784242
2690.0 0.022502591618927155
2700.0 0.02068322008595661
2710.0 0.019043408752266282
2720.0 0.017644322024989608
2730.0 0.016475096319398298
2740.0 0.015485669420853863
2750.0 0.014640687784857418
2760.0 0.013938109075579498
2770.0 0.013229803312002894
2780.0 0.012637623532874804
2790.0 0.012084065107977248
2800.0 0.011569370986498224
2810.0 0.011133480764570863
2820.0 0.010730679542251752
2830.0 0.010400558862953936
2840.0 0.010106421798394992
2850.0 0.009902953787023815
2860.0 0.009694341686851994
2870.0 0.009510354199841756
2880.0 0.00936493402290876
2890.0 0.00928311178558764
2900.0 0.009247168953256429
2910.0 0.009218605633073126
2920.0 0.009235070994182517
2930.0 0.00930901947791979
2940.0 0.009378917612646817
2950.0 0.009422415356214004
2960.0 0.009422619877633015
2970.0 0.009500791604534065
2980.0 0.00953127262112637
2990.0 0.009473074865846863
3000.0 0.009364816237247471
3010.0 0.009414399472863174
3020.0 0.009508295135569765
3030.0 0.009439439603549605
3040.0 0.00936349344413544
3050.0 0.00944196003686185
3060.0 0.009513413129705144
3070.0 0.009463890687427978
3080.0 0.009465432392613101
3090.0 0.009456541796402899
3100.0 0.009437724771886685
3110.0 0.009378717290031405
3120.0 0.009309615058361908
3130.0 0.009299806016750642
3140.0 0.009209631435590714
3150.0 0.00933850073238405
3160.0 0.009370450594344664
3170.0 0.009401397848935863
3180.0 0.009414953679327149
3190.0 0.009171810684476754
3200.0 0.00892675724319195
3210.0 0.008747883340881333
3220.0 0.008565291946399569
3230.0 0.00844024986357174
3240.0 0.00839206058388569
3250.0 0.008292243938622086
3260.0 0.008262515186685183
3270.0 0.008298293015202948
3280.0 0.008220371007563919
3290.0 0.008128305729921284
3300.0 0.008025192142702513
3310.0 0.007885809953700118
3320.0 0.007741134451336837
3330.0 0.007638622876627234
3340.0 0.007522398520090771
3350.0 0.007360382600098222
3360.0 0.00729299047948507
3370.0 0.007127453400729556
3380.0 0.0069520082537927255
3390.0 0.006891725872056926
3400.0 0.00672102468706167
3410.0 0.006547457973914142
3420.0 0.006473096345883264
3430.0 0.006260802310759862
3440.0 0.006143984887305423
3450.0 0.006042386896246762
3460.0 0.0058348349439011895
3470.0 0.005678025018389147
3480.0 0.0055158023728437595
3490.0 0.005321836697839302
3500.0 0.005222193056935565
3510.0 0.005092326704145514
3520.0 0.004958206318623158
3530.0 0.004819889271043094
3540.0 0.004583430646495794
3550.0 0.004415540434634575
3560.0 0.004247598316236467
3570.0 0.004123264495230077
3580.0 0.003998211931841832
3590.0 0.0038496820304834405
3600.0 0.003701770387506732
3610.0 0.003585360565442452
3620.0 0.0034692764086440508
3630.0 0.0034097373339534425
3640.0 0.0032629957105093613
3650.0 0.0031510889496267833
3660.0 0.003124574279542019
3670.0 0.0029630723879205735
3680.0 0.0028847246757127314
3690.0 0.0028436206685088523
3700.0 0.0027245358422787014
3710.0 0.002698355100959384
3720.0 0.0026722441915080206
3730.0 0.0026305218031125862
3740.0 0.0025890069475259896
3750.0 0.0025289460954427447
3760.0 0.0023983725380876605
3770.0 0.0023449071708301896
3780.0 0.0022917178484532447
3790.0 0.002253301855128477
3800.0 0.002215166680959725
3810.0 0.002171864798782293
3820.0 0.0021290789658533395
3830.0 0.0020932025366582584
3840.0 0.0019972385880647875
3850.0 0.0019581947274258556
3860.0 0.0019197481220399948
3870.0 0.0018819716960100897
3880.0 0.0018448486726015342
3890.0 0.0017504535796156965
3900.0 0.0017127128660153576
3910.0 0.0016755175984982473
3920.0 0.0016390861952540149
3930.0 0.0016066127175555281
3940.0 0.0015748338800567019
3950.0 0.0015413048941376472
3960.0 0.0014613784948245476
3970.0 0.0014377074857818211
3980.0 0.0014145337900275758
3990.0 0.0013803474049350702
4000.0 0.0013470303281252634
4010.0 0.0013209268357666515
4020.0 0.0012536779672172706
4030.0 0.0012282759406192808
4040.0 0.001203546724356985
4050.0 0.001180058242498855
4060.0 0.0011571967511554188
4070.0 0.0011332898487578951
4080.0 0.0010730522039993637
4090.0 0.0010535620394049618
4100.0 0.0010346009523319306
4110.0 0.0010158120503036164
4120.0 0.0009975393216957041
4130.0 0.0009779372754560702
4140.0 0.0009258410182827061
4150.0 0.0009098136298104309
4160.0 0.0008942453611017572
4170.0 0.0008765823145894848
4180.0 0.0008594342842218585
4190.0 0.0008141931204151851
4200.0 0.0008000390409287361
4210.0 0.0007857603728911918
4220.0 0.000771918504413351
4230.0 0.0007591173580962936
4240.0 0.0007190421874625002
4250.0 0.000707812516989621
4260.0 0.0006969275243338374
4270.0 0.0006862473356374158
4280.0 0.0006759080050137177
4290.0 0.0006661603599151217
4300.0 0.0006314589418774376
4310.0 0.0006213248460285237
4320.0 0.0006115078450990238
4330.0 0.000602066058320203
4340.0 0.0005929067471795839
4350.0 0.00058447716391309
4360.0 0.0005532765332835641
4370.0 0.0005489752930533566
4380.0 0.0005449041011619955
4390.0 0.0005382789906546748
4400.0 0.0005318731475118773
4410.0 0.0005260090079168189
4420.0 0.0004986611845056727
4430.0 0.0004934496059147797
4440.0 0.0004884161613622519
4450.0 0.00048270412114666863
4460.0 0.00047718779845018115
4470.0 0.0004725052168017244
4480.0 0.00046799406437563796
4490.0 0.000443880926498469
4500.0 0.00044026468869299234
4510.0 0.00043696717476962983
4520.0 0.00043380394914564724
4530.0 0.0004299987073740154
4540.0 0.0004263293952768012
4550.0 0.0004231553985685973
4560.0 0.00042010611212310497
4570.0 0.00039818972752427213
4580.0 0.0003954781180140096
4590.0 0.0003925642723420323
4600.0 0.00038976743370114803
4610.0 0.00038743528891796794
4620.0 0.0003852057349191081
4630.0 0.000382906738970584
4640.0 0.0003807098230254011
4650.0 0.000360696028648993
4660.0 0.000358901412873067
4670.0 0.0003571991969161139
4680.0 0.00035557901660248454
4690.0 0.00035394648096298884
4700.0 0.00035239872409835395
4710.0 0.00035103259945936
4720.0 0.0003497416039658822
4730.0 0.0003496790013995183
4740.0 0.00033220606049626347
4750.0 0.00033122190943763455
4760.0 0.0003303035429608378
4770.0 0.00032943996913736666
4780.0 0.0003286394413644166
4790.0 0.0003279208251166552
4800.0 0.0003272663111714766
4810.0 0.00032636817467148214
4820.0 0.00032553427432882977
4830.0 0.00032648541083878227
4840.0 0.00032750195602394567
4850.0 0.0003272609277817992
4860.0 0.0003098635297782201
4870.0 0.0003103797708962868
4880.0 0.00031095150330794806
4890.0 0.00031085888349329107
4900.0 0.00031081754901831244
4910.0 0.0003108649677455114
4920.0 0.0003109688812205103
4930.0 0.0003110571756769674
4940.0 0.0003111940823246518
4950.0 0.0003112860345125193
4960.0 0.00031142911860598387
4970.0 0.00031170919371110566
4980.0 0.00031203527794172536
4990.0 0.00031249585372039503
5000.0 0.00029561047208645096
5010.0 0.00029652618618085467
5020.0 0.0002974827153084515
5030.0 0.0002979211636671169
5040.0 0.0002983988827501927
5050.0 0.0002989539017415176
5060.0 0.0002995488463730172
5070.0 0.00030037490522041946
5080.0 0.00030124199823158723
5090.0 0.00030198765365606616
5100.0 0.00030276934778041936
5110.0 0.00030394688710986786
5120.0 0.0003051627896890986
5130.0 0.00030605864658761375
5140.0 0.0003069909248184367
5150.0 0.00029029013502837906
5160.0 0.00029168363048677536
5170.0 0.0002926760320247187
5180.0 0.0002937013584482323
5190.0 0.000294881150648602
5200.0 0.00029609424471021867
5210.0 0.0002972060922641909
5220.0 0.0002983497837245174
5230.0 0.0002995429237407251
5240.0 0.0003007671963212496
5250.0 0.00030222423757042175
5260.0 0.00030371290834137497
5270.0 0.0003049487076906114
5280.0 0.00030621419072900265
5290.0 0.0003075513381871801
5300.0 0.0003089194354824605
5310.0 0.00031042911634427084
5320.0 0.0002924703754669683
5330.0 0.00029387340470039705
5340.0 0.00029530267096178824
5350.0 0.0002967479319958048
5360.0 0.00029822040049078103
5370.0 0.00029971332630698703
5380.0 0.0003012329962788412
5390.0 0.00030278351011851963
5400.0 0.0003043602217658507
5410.0 0.0003071513422015008
5420.0 0.00030997534614238595
5430.0 0.0003116378484406666
5440.0 0.00031332503921559484
5450.0 0.0003150371789399083
5460.0 0.0003167738335124239
5470.0 0.0003185242177665528
5480.0 0.00032029888506902366
5490.0 0.000322003610794879
5500.0 0.0003237324897031957
5510.0 0.00032555298391415317
5520.0 0.00032739688121487324
5530.0 0.0003073372678578367
5540.0 0.000309125554617892
5550.0 0.0003109110305155527
5560.0 0.0003127176713160103
5570.0 0.00031454525642896997
5580.0 0.00031639364549963876
5590.0 0.00031825833077792244
5600.0 0.00032014295061175103
5610.0 0.00032208577759162505
5620.0 0.0003240484517560763
5630.0 0.00032602065298395353
5640.0 0.0003280129980686658
5650.0 0.0003300246362798197
5660.0 0.00033205544406261664
5670.0 0.0003324169096421614
5680.0 0.00033279800397771587
5690.0 0.00033444083146132295
5700.0 0.0003361016356094797
5710.0 0.00033807388880256647
5720.0 0.00034006330190658067
5730.0 0.0003411629487468791
5740.0 0.0003422800523926751
5750.0 0.00034441790185449947
5760.0 0.00034657189697540454
5770.0 0.0003465605331669116
5780.0 0.00034656942753314427
5790.0 0.0003486755680456869
5800.0 0.00032574289461097174
5810.0 0.00032672071435061253
5820.0 0.0003277123553330473
5830.0 0.0003297669372638179
5840.0 0.0003318348718144805
5850.0 0.000331439976052578
5860.0 0.00033106501977118265
5870.0 0.0003330080778487782
5880.0 0.0003349666739707704
5890.0 0.00033595950817204653
5900.0 0.0003369686319311417
5910.0 0.000339070620881682
5920.0 0.00034118802032457576
5930.0 0.000343116483179351
5940.0 0.0003450579669284118
5950.0 0.00034729151209384666
5960.0 0.00034953560650099796
5970.0 0.00035183039523681146
5980.0 0.00035413518195362854
5990.0 0.0003556116031805046
6000.0 0.0003571020752964274
6010.0 0.00035949273646467613
6020.0 0.00036189454789892044
6030.0 0.00036430961578882867
6040.0 0.0003667329774990693
6050.0 0.0003691667608647377
6060.0 0.000371610693624582
6070.0 0.00037406716495470393
6080.0 0.00037653077015999906
6090.0 0.00037900382087238183
6100.0 0.0003814860705121738
6110.0 0.0003839801289062826
6120.0 0.0003864801075608579
6130.0 0.00038898853635706493
6140.0 0.0003915051712350224
6150.0 0.00039402976262541925
6160.0 0.0003660572820001125
6170.0 0.00036840167605589304
6180.0 0.0003707526930265991
6190.0 0.0003731131511331198
6200.0 0.000375476823840794
6210.0 0.00037784562284754624
6220.0 0.00038022012942321543
6230.0 0.0003826000737852156
6240.0 0.0003849851806838705
6250.0 0.00038737522120925607
6260.0 0.0003897699882664084
6270.0 0.00039216921893021396
6280.0 0.0003945726456008807
6290.0 0.0003969800749741065
6300.0 0.00039939123112575794
6310.0 0.0004018022538804545
6320.0 0.00040422007746288035
6330.0 0.0004066409072278018
6340.0 0.00040906447726220583
6350.0 0.0004114905722503862
6360.0 0.0004139189190601679
6370.0 0.0004163492952597603
6380.0 0.00041878144775855654
6390.0 0.0004212151199746552
6400.0 0.00042364606955653714
6410.0 0.00042608163899080843
6420.0 0.0004285179898642421
6430.0 0.00043095485208867983
6440.0 0.0004333920663490257
6450.0 0.0004358250687843975
6460.0 0.0004382621067846558
6470.0 0.0004406987179513481
6480.0 0.0004431346465958509
6490.0 0.0004455652865607802
6500.0 0.00044799913765557507
6510.0 0.0004504316409328022
6520.0 0.0004528579395137359
6530.0 0.0004552869251035143
6540.0 0.00045771381806472425
6550.0 0.00046013374673160563
6560.0 0.0004625557320682904
6570.0 0.00046497492068813147
6580.0 0.00046738633730836546
6590.0 0.0004697992542898569
6600.0 0.00047220871578930684
6610.0 0.0004746088371405314
6620.0 0.000477009913273309
6630.0 0.0004794017968399044
6640.0 0.000481794353186391
6650.0 0.0004841822562128029
6660.0 0.000486560275520163
6670.0 0.0004889383483484155
6680.0 0.0004913059652896111
6690.0 0.0004936733446526541
6700.0 0.0004960297230590545
6710.0 0.0004983855383409655
6720.0 0.0005007299004760985
6730.0 0.0005030733392442077
6740.0 0.0005054048377742408
6750.0 0.0005077350496091954
6760.0 0.0005100529309066203
6770.0 0.0005123691934925432
6780.0 0.0005146726349459995
6790.0 0.0005169741240437073
6800.0 0.0005192624004053655
6810.0 0.0005215475449867897
6820.0 0.000523818977225295
6830.0 0.0005260822034802386
6840.0 0.0005283426840017045
6850.0 0.0005305888660354409
6860.0 0.0005328320013832885
6870.0 0.0005350604483347069
6880.0 0.0005372797236633684
6890.0 0.0005394956413282526
6900.0 0.0005868375332624555
6910.0 0.0005892110756664728
6920.0 0.0005915804971794123
6930.0 0.0005939326751001556
6940.0 0.0005962739215972878
6950.0 0.0005986106437938214
6960.0 0.0006009296187434843
6970.0 0.0006032371543093335
6980.0 0.0006055397686793772
6990.0 0.0006078240630205833
7000.0 0.000610096495306195
7010.0 0.000612362946241054
7020.0 0.0006146105874883644
7030.0 0.0006168459094123235
7040.0 0.0005714482116534658
7050.0 0.0005734947620550149
7060.0 0.0005755234054494116
7070.0 0.0005775402202610408
7080.0 0.000579545085636699
7090.0 0.0005815378821463107
7100.0 0.0005835248486781043
7110.0 0.0005854932482856641
7120.0 0.000587449265366561
7130.0 0.0005893927852176218
